Cycles 8; Regions 6; Anode Mg; Photon Energy 1253.6; XPS;
Bi 4f	C 1s	Na 1s	O 1s	Sr 3d	Ti 2p	
3985	1501.25	1701.25	3197.5	4046.67	1682.5	
Element Bi 4f; Region 1 of 6; Depth Cycle 1 of 1; Time Per Step 50; Sweeps 8; Anode Mg; Photon Energy 1253.6; XPS;
180	587
179.95	604
179.9	618
179.85	645
179.8	587
179.75	554
179.7	551
179.65	615
179.6	595
179.55	568
179.5	601
179.45	587
179.4	589
179.35	558
179.3	548
179.25	585
179.2	554
179.15	600
179.1	575
179.05	587
179	564
178.95	554
178.9	600
178.85	595
178.8	632
178.75	560
178.7	584
178.65	564
178.6	555
178.55	543
178.5	623
178.45	572
178.4	560
178.35	547
178.3	585
178.25	611
178.2	526
178.15	568
178.1	563
178.05	578
178	580
177.95	570
177.9	559
177.85	545
177.8	534
177.75	549
177.7	593
177.65	574
177.6	534
177.55	554
177.5	566
177.45	566
177.4	527
177.35	546
177.3	560
177.25	518
177.2	581
177.15	542
177.1	592
177.05	542
177	572
176.95	536
176.9	539
176.85	546
176.8	561
176.75	555
176.7	544
176.65	562
176.6	590
176.55	538
176.5	532
176.45	522
176.4	522
176.35	551
176.3	534
176.25	516
176.2	597
176.15	568
176.1	547
176.05	557
176	517
175.95	533
175.9	539
175.85	533
175.8	544
175.75	528
175.7	499
175.65	542
175.6	549
175.55	509
175.5	526
175.45	526
175.4	584
175.35	550
175.3	515
175.25	532
175.2	504
175.15	523
175.1	546
175.05	512
175	523
174.95	560
174.9	504
174.85	487
174.8	491
174.75	512
174.7	469
174.65	508
174.6	561
174.55	538
174.5	527
174.45	468
174.4	518
174.35	552
174.3	540
174.25	497
174.2	513
174.15	507
174.1	526
174.05	554
174	522
173.95	535
173.9	491
173.85	539
173.8	525
173.75	519
173.7	532
173.65	472
173.6	539
173.55	512
173.5	499
173.45	504
173.4	525
173.35	540
173.3	523
173.25	520
173.2	518
173.15	497
173.1	504
173.05	493
173	530
172.95	523
172.9	474
172.85	512
172.8	522
172.75	491
172.7	568
172.65	512
172.6	560
172.55	532
172.5	527
172.45	512
172.4	495
172.35	522
172.3	513
172.25	510
172.2	506
172.15	510
172.1	503
172.05	473
172	502
171.95	483
171.9	474
171.85	481
171.8	507
171.75	475
171.7	456
171.65	502
171.6	513
171.55	467
171.5	468
171.45	518
171.4	485
171.35	490
171.3	500
171.25	497
171.2	485
171.15	508
171.1	487
171.05	486
171	441
170.95	497
170.9	465
170.85	504
170.8	466
170.75	515
170.7	483
170.65	503
170.6	519
170.55	502
170.5	480
170.45	481
170.4	434
170.35	499
170.3	461
170.25	510
170.2	483
170.15	458
170.1	461
170.05	474
170	477
169.95	516
169.9	456
169.85	475
169.8	497
169.75	526
169.7	507
169.65	515
169.6	516
169.55	535
169.5	537
169.45	547
169.4	551
169.35	550
169.3	533
169.25	590
169.2	632
169.15	623
169.1	642
169.05	660
169	659
168.95	695
168.9	714
168.85	808
168.8	780
168.75	845
168.7	780
168.65	852
168.6	915
168.55	948
168.5	949
168.45	1023
168.4	1025
168.35	1123
168.3	1240
168.25	1242
168.2	1289
168.15	1367
168.1	1369
168.05	1378
168	1441
167.95	1480
167.9	1511
167.85	1487
167.8	1496
167.75	1576
167.7	1471
167.65	1539
167.6	1551
167.55	1495
167.5	1346
167.45	1348
167.4	1399
167.35	1268
167.3	1223
167.25	1208
167.2	1253
167.15	1142
167.1	1071
167.05	1116
167	1079
166.95	1024
166.9	964
166.85	917
166.8	884
166.75	870
166.7	808
166.65	842
166.6	810
166.55	823
166.5	801
166.45	748
166.4	694
166.35	717
166.3	674
166.25	703
166.2	681
166.15	714
166.1	621
166.05	658
166	651
165.95	651
165.9	640
165.85	636
165.8	635
165.75	601
165.7	610
165.65	641
165.6	615
165.55	585
165.5	590
165.45	602
165.4	582
165.35	596
165.3	574
165.25	604
165.2	575
165.15	563
165.1	551
165.05	490
165	557
164.95	512
164.9	513
164.85	518
164.8	483
164.75	512
164.7	476
164.65	474
164.6	490
164.55	508
164.5	484
164.45	497
164.4	492
164.35	493
164.3	509
164.25	516
164.2	497
164.15	515
164.1	579
164.05	563
164	556
163.95	572
163.9	618
163.85	620
163.8	633
163.75	679
163.7	645
163.65	684
163.6	727
163.55	815
163.5	887
163.45	867
163.4	922
163.35	1010
163.3	1047
163.25	1131
163.2	1218
163.15	1190
163.1	1288
163.05	1312
163	1448
162.95	1450
162.9	1535
162.85	1585
162.8	1611
162.75	1649
162.7	1717
162.65	1737
162.6	1768
162.55	1762
162.5	1747
162.45	1809
162.4	1820
162.35	1843
162.3	1754
162.25	1729
162.2	1728
162.15	1708
162.1	1578
162.05	1543
162	1494
161.95	1434
161.9	1444
161.85	1332
161.8	1245
161.75	1159
161.7	1197
161.65	1121
161.6	1117
161.55	1003
161.5	971
161.45	939
161.4	902
161.35	921
161.3	868
161.25	827
161.2	815
161.15	833
161.1	718
161.05	738
161	754
160.95	779
160.9	718
160.85	733
160.8	687
160.75	656
160.7	681
160.65	701
160.6	657
160.55	659
160.5	682
160.45	613
160.4	641
160.35	606
160.3	588
160.25	600
160.2	619
160.15	658
160.1	671
160.05	622
160	667
159.95	612
159.9	623
159.85	568
159.8	563
159.75	614
159.7	602
159.65	525
159.6	554
159.55	530
159.5	590
159.45	533
159.4	492
159.35	493
159.3	511
159.25	459
159.2	485
159.15	457
159.1	497
159.05	501
159	424
158.95	470
158.9	474
158.85	482
158.8	446
158.75	429
158.7	427
158.65	429
158.6	412
158.55	423
158.5	406
158.45	400
158.4	424
158.35	394
158.3	404
158.25	385
158.2	369
158.15	371
158.1	415
158.05	391
158	366
157.95	392
157.9	413
157.85	386
157.8	417
157.75	394
157.7	404
157.65	388
157.6	396
157.55	392
157.5	406
157.45	371
157.4	414
157.35	400
157.3	383
157.25	367
157.2	371
157.15	407
157.1	378
157.05	386
157	388
156.95	357
156.9	337
156.85	355
156.8	337
156.75	329
156.7	361
156.65	335
156.6	320
156.55	344
156.5	336
156.45	332
156.4	314
156.35	321
156.3	349
156.25	317
156.2	343
156.15	317
156.1	329
156.05	314
156	306
155.95	284
155.9	284
155.85	317
155.8	317
155.75	323
155.7	302
155.65	316
155.6	294
155.55	313
155.5	299
155.45	333
155.4	339
155.35	334
155.3	348
155.25	304
155.2	325
155.15	310
155.1	342
155.05	386
155	309
154.95	313
154.9	331
154.85	340
154.8	321
154.75	343
154.7	338
154.65	354
154.6	325
154.55	347
154.5	398
154.45	342
154.4	368
154.35	373
154.3	356
154.25	423
154.2	387
154.15	403
154.1	403
154.05	381
154	379
153.95	393
153.9	383
153.85	411
153.8	384
153.75	370
153.7	372
153.65	326
153.6	400
153.55	347
153.5	345
153.45	374
153.4	356
153.35	393
153.3	337
153.25	352
153.2	349
153.15	338
153.1	343
153.05	346
153	326
152.95	371
152.9	358
152.85	353
152.8	356
152.75	334
152.7	366
152.65	333
152.6	344
152.55	366
152.5	364
152.45	330
152.4	371
152.35	355
152.3	353
152.25	358
152.2	337
152.15	354
152.1	375
152.05	353
152	353
151.95	317
151.9	370
151.85	397
151.8	343
151.75	334
151.7	337
151.65	324
151.6	331
151.55	342
151.5	343
151.45	317
151.4	332
151.35	309
151.3	301
151.25	324
151.2	284
151.15	298
151.1	292
151.05	312
151	284
150.95	327
150.9	274
150.85	292
150.8	284
150.75	277
150.7	301
150.65	263
150.6	284
150.55	296
150.5	250
150.45	298
150.4	270
150.35	314
150.3	305
150.25	281
150.2	261
150.15	249
150.1	261
150.05	259
150	252

Element C 1s; Region 2 of 6; Depth Cycle 1 of 1; Time Per Step 50; Sweeps 16; Anode Mg; Photon Energy 1253.6; XPS;
300	1557
299.95	1454
299.9	1485
299.85	1447
299.8	1435
299.75	1362
299.7	1516
299.65	1431
299.6	1407
299.55	1409
299.5	1447
299.45	1415
299.4	1419
299.35	1460
299.3	1425
299.25	1503
299.2	1439
299.15	1379
299.1	1426
299.05	1472
299	1385
298.95	1438
298.9	1451
298.85	1421
298.8	1474
298.75	1435
298.7	1354
298.65	1447
298.6	1430
298.55	1429
298.5	1435
298.45	1413
298.4	1462
298.35	1401
298.3	1455
298.25	1451
298.2	1373
298.15	1429
298.1	1386
298.05	1325
298	1436
297.95	1411
297.9	1408
297.85	1438
297.8	1457
297.75	1431
297.7	1454
297.65	1435
297.6	1440
297.55	1439
297.5	1411
297.45	1415
297.4	1435
297.35	1414
297.3	1394
297.25	1341
297.2	1449
297.15	1374
297.1	1378
297.05	1388
297	1489
296.95	1404
296.9	1387
296.85	1466
296.8	1408
296.75	1364
296.7	1435
296.65	1384
296.6	1409
296.55	1360
296.5	1407
296.45	1402
296.4	1367
296.35	1438
296.3	1377
296.25	1445
296.2	1450
296.15	1441
296.1	1410
296.05	1386
296	1415
295.95	1340
295.9	1423
295.85	1376
295.8	1487
295.75	1383
295.7	1429
295.65	1439
295.6	1336
295.55	1400
295.5	1406
295.45	1311
295.4	1380
295.35	1406
295.3	1482
295.25	1415
295.2	1344
295.15	1474
295.1	1414
295.05	1419
295	1431
294.95	1352
294.9	1434
294.85	1378
294.8	1417
294.75	1438
294.7	1443
294.65	1409
294.6	1393
294.55	1450
294.5	1412
294.45	1414
294.4	1420
294.35	1436
294.3	1405
294.25	1416
294.2	1393
294.15	1442
294.1	1441
294.05	1444
294	1450
293.95	1463
293.9	1396
293.85	1419
293.8	1495
293.75	1478
293.7	1416
293.65	1392
293.6	1412
293.55	1444
293.5	1422
293.45	1367
293.4	1463
293.35	1390
293.3	1455
293.25	1468
293.2	1494
293.15	1484
293.1	1443
293.05	1462
293	1452
292.95	1469
292.9	1457
292.85	1532
292.8	1486
292.75	1422
292.7	1413
292.65	1483
292.6	1475
292.55	1403
292.5	1486
292.45	1527
292.4	1480
292.35	1425
292.3	1440
292.25	1535
292.2	1528
292.15	1484
292.1	1512
292.05	1565
292	1449
291.95	1515
291.9	1463
291.85	1556
291.8	1540
291.75	1567
291.7	1555
291.65	1496
291.6	1514
291.55	1417
291.5	1533
291.45	1403
291.4	1611
291.35	1438
291.3	1529
291.25	1469
291.2	1465
291.15	1541
291.1	1472
291.05	1484
291	1491
290.95	1494
290.9	1524
290.85	1455
290.8	1484
290.75	1538
290.7	1486
290.65	1487
290.6	1492
290.55	1513
290.5	1510
290.45	1551
290.4	1559
290.35	1545
290.3	1547
290.25	1551
290.2	1497
290.15	1537
290.1	1531
290.05	1536
290	1564
289.95	1527
289.9	1568
289.85	1604
289.8	1615
289.75	1555
289.7	1598
289.65	1709
289.6	1667
289.55	1694
289.5	1666
289.45	1782
289.4	1697
289.35	1721
289.3	1727
289.25	1831
289.2	1902
289.15	1896
289.1	1957
289.05	1976
289	2042
288.95	2080
288.9	2129
288.85	2241
288.8	2193
288.75	2245
288.7	2331
288.65	2206
288.6	2326
288.55	2409
288.5	2299
288.45	2402
288.4	2431
288.35	2428
288.3	2451
288.25	2435
288.2	2455
288.15	2363
288.1	2396
288.05	2367
288	2356
287.95	2263
287.9	2268
287.85	2216
287.8	2142
287.75	2063
287.7	2084
287.65	2071
287.6	2053
287.55	1998
287.5	1955
287.45	1921
287.4	1876
287.35	1834
287.3	1879
287.25	1854
287.2	1770
287.15	1859
287.1	1832
287.05	1695
287	1727
286.95	1713
286.9	1801
286.85	1768
286.8	1721
286.75	1789
286.7	1777
286.65	1706
286.6	1765
286.55	1802
286.5	1677
286.45	1814
286.4	1827
286.35	1817
286.3	1801
286.25	1806
286.2	1907
286.15	1835
286.1	1862
286.05	1798
286	1839
285.95	1887
285.9	1862
285.85	1886
285.8	1904
285.75	1880
285.7	1863
285.65	1869
285.6	1981
285.55	1970
285.5	1923
285.45	1926
285.4	1996
285.35	1951
285.3	1997
285.25	2028
285.2	1962
285.15	1965
285.1	1946
285.05	1909
285	1930
284.95	1926
284.9	1956
284.85	1976
284.8	1899
284.75	1893
284.7	1804
284.65	1803
284.6	1767
284.55	1762
284.5	1783
284.45	1783
284.4	1722
284.35	1688
284.3	1705
284.25	1645
284.2	1572
284.15	1601
284.1	1565
284.05	1538
284	1502
283.95	1491
283.9	1493
283.85	1502
283.8	1466
283.75	1483
283.7	1483
283.65	1439
283.6	1444
283.55	1444
283.5	1404
283.45	1448
283.4	1401
283.35	1430
283.3	1449
283.25	1367
283.2	1499
283.15	1368
283.1	1395
283.05	1418
283	1352
282.95	1284
282.9	1394
282.85	1317
282.8	1364
282.75	1347
282.7	1284
282.65	1269
282.6	1339
282.55	1341
282.5	1324
282.45	1342
282.4	1355
282.35	1323
282.3	1390
282.25	1254
282.2	1334
282.15	1406
282.1	1309
282.05	1312
282	1359
281.95	1335
281.9	1322
281.85	1341
281.8	1359
281.75	1271
281.7	1309
281.65	1310
281.6	1396
281.55	1334
281.5	1370
281.45	1298
281.4	1307
281.35	1328
281.3	1308
281.25	1386
281.2	1329
281.15	1298
281.1	1284
281.05	1351
281	1342
280.95	1340
280.9	1447
280.85	1361
280.8	1340
280.75	1300
280.7	1352
280.65	1368
280.6	1356
280.55	1315
280.5	1401
280.45	1417
280.4	1314
280.35	1456
280.3	1384
280.25	1381
280.2	1416
280.15	1366
280.1	1363
280.05	1366
280	1299
279.95	1404
279.9	1282
279.85	1428
279.8	1385
279.75	1372
279.7	1354
279.65	1355
279.6	1364
279.55	1387
279.5	1396
279.45	1335
279.4	1423
279.35	1333
279.3	1317
279.25	1357
279.2	1379
279.15	1391
279.1	1346
279.05	1338
279	1325
278.95	1352
278.9	1328
278.85	1387
278.8	1339
278.75	1442
278.7	1364
278.65	1348
278.6	1343
278.55	1333
278.5	1372
278.45	1447
278.4	1403
278.35	1370
278.3	1391
278.25	1328
278.2	1330
278.15	1326
278.1	1368
278.05	1412
278	1330
277.95	1354
277.9	1397
277.85	1292
277.8	1428
277.75	1350
277.7	1403
277.65	1344
277.6	1351
277.55	1314
277.5	1398
277.45	1327
277.4	1299
277.35	1328
277.3	1399
277.25	1289
277.2	1338
277.15	1389
277.1	1332
277.05	1345
277	1304
276.95	1399
276.9	1395
276.85	1360
276.8	1363
276.75	1387
276.7	1361
276.65	1358
276.6	1323
276.55	1333
276.5	1346
276.45	1355
276.4	1296
276.35	1337
276.3	1326
276.25	1384
276.2	1352
276.15	1335
276.1	1307
276.05	1292
276	1341
275.95	1372
275.9	1359
275.85	1308
275.8	1289
275.75	1318
275.7	1411
275.65	1334
275.6	1293
275.55	1303
275.5	1319
275.45	1293
275.4	1378
275.35	1319
275.3	1352
275.25	1299
275.2	1291
275.15	1348
275.1	1352
275.05	1374
275	1307

Element Na 1s; Region 3 of 6; Depth Cycle 1 of 1; Time Per Step 50; Sweeps 16; Anode Mg; Photon Energy 1253.6; XPS;
1086	12348
1085.95	12272
1085.9	12345
1085.85	12198
1085.8	12322
1085.75	12199
1085.7	12435
1085.65	12409
1085.6	12340
1085.55	12316
1085.5	12184
1085.45	12315
1085.4	12081
1085.35	12221
1085.3	12373
1085.25	12128
1085.2	12286
1085.15	12123
1085.1	12373
1085.05	12124
1085	12450
1084.95	11978
1084.9	12062
1084.85	12164
1084.8	12160
1084.75	12137
1084.7	12243
1084.65	12228
1084.6	12242
1084.55	12152
1084.5	12081
1084.45	12199
1084.4	12171
1084.35	12149
1084.3	12135
1084.25	12405
1084.2	12188
1084.15	12137
1084.1	12180
1084.05	12206
1084	12083
1083.95	11997
1083.9	12028
1083.85	12033
1083.8	11975
1083.75	12128
1083.7	12066
1083.65	12091
1083.6	12172
1083.55	12019
1083.5	12253
1083.45	12131
1083.4	12096
1083.35	12030
1083.3	12134
1083.25	11992
1083.2	11978
1083.15	12066
1083.1	12105
1083.05	12139
1083	12056
1082.95	12296
1082.9	12268
1082.85	12102
1082.8	12089
1082.75	12182
1082.7	12191
1082.65	12172
1082.6	12098
1082.55	12332
1082.5	12172
1082.45	12185
1082.4	12341
1082.35	12116
1082.3	12141
1082.25	12180
1082.2	11994
1082.15	12080
1082.1	12249
1082.05	12161
1082	12193
1081.95	12031
1081.9	11986
1081.85	11969
1081.8	11991
1081.75	11975
1081.7	12090
1081.65	12189
1081.6	12161
1081.55	12211
1081.5	12082
1081.45	11956
1081.4	11911
1081.35	12020
1081.3	12054
1081.25	11983
1081.2	11927
1081.15	12021
1081.1	12097
1081.05	12112
1081	11902
1080.95	12031
1080.9	12005
1080.85	12056
1080.8	11982
1080.75	12137
1080.7	12037
1080.65	12063
1080.6	11992
1080.55	11855
1080.5	12079
1080.45	12019
1080.4	12162
1080.35	12052
1080.3	12041
1080.25	12073
1080.2	11974
1080.15	11874
1080.1	12031
1080.05	12081
1080	12046
1079.95	11928
1079.9	11972
1079.85	12003
1079.8	11932
1079.75	12141
1079.7	11803
1079.65	11837
1079.6	12002
1079.55	11966
1079.5	11947
1079.45	11943
1079.4	11999
1079.35	11860
1079.3	11980
1079.25	11916
1079.2	11882
1079.15	11988
1079.1	11851
1079.05	11844
1079	11780
1078.95	11964
1078.9	11886
1078.85	11940
1078.8	11774
1078.75	11959
1078.7	11859
1078.65	11965
1078.6	11757
1078.55	11934
1078.5	11871
1078.45	11733
1078.4	11780
1078.35	11851
1078.3	11782
1078.25	11874
1078.2	11889
1078.15	11657
1078.1	11899
1078.05	11820
1078	12044
1077.95	11634
1077.9	11803
1077.85	11852
1077.8	11788
1077.75	11763
1077.7	11643
1077.65	11946
1077.6	11569
1077.55	12020
1077.5	11949
1077.45	11804
1077.4	11853
1077.35	11949
1077.3	11859
1077.25	11790
1077.2	11653
1077.15	11677
1077.1	11820
1077.05	11795
1077	11872
1076.95	11694
1076.9	11775
1076.85	11721
1076.8	11858
1076.75	11876
1076.7	11713
1076.65	11717
1076.6	11797
1076.55	11785
1076.5	11892
1076.45	11810
1076.4	11696
1076.35	11820
1076.3	11667
1076.25	11681
1076.2	11768
1076.15	11780
1076.1	11776
1076.05	11865
1076	11947
1075.95	11837
1075.9	11684
1075.85	11869
1075.8	11736
1075.75	12000
1075.7	11799
1075.65	11926
1075.6	11789
1075.55	11881
1075.5	12025
1075.45	11979
1075.4	11859
1075.35	11876
1075.3	11855
1075.25	11877
1075.2	11861
1075.15	11735
1075.1	11918
1075.05	12076
1075	12043
1074.95	11880
1074.9	12058
1074.85	11812
1074.8	12092
1074.75	11905
1074.7	11878
1074.65	12127
1074.6	11871
1074.55	12062
1074.5	12071
1074.45	11940
1074.4	11974
1074.35	12090
1074.3	12090
1074.25	11881
1074.2	12064
1074.15	11910
1074.1	12006
1074.05	11895
1074	11973
1073.95	11912
1073.9	12059
1073.85	11899
1073.8	11784
1073.75	12102
1073.7	11758
1073.65	11883
1073.6	11759
1073.55	11997
1073.5	11697
1073.45	11929
1073.4	11957
1073.35	11515
1073.3	11958
1073.25	12048
1073.2	11601
1073.15	11618
1073.1	11811
1073.05	11963
1073	11595
1072.95	11667
1072.9	11712
1072.85	11789
1072.8	11879
1072.75	11878
1072.7	11862
1072.65	11641
1072.6	11733
1072.55	11668
1072.5	11786
1072.45	11678
1072.4	11548
1072.35	11826
1072.3	11626
1072.25	11732
1072.2	11855
1072.15	11601
1072.1	11791
1072.05	11564
1072	11740
1071.95	11689
1071.9	11744
1071.85	11727
1071.8	11675
1071.75	11679
1071.7	11596
1071.65	11652
1071.6	11786
1071.55	11691
1071.5	11505
1071.45	11542
1071.4	11573
1071.35	11509
1071.3	11765
1071.25	11525
1071.2	11805
1071.15	11383
1071.1	11628
1071.05	11631
1071	11853
1070.95	11531
1070.9	11656
1070.85	11739
1070.8	11494
1070.75	11518
1070.7	11593
1070.65	11490
1070.6	11609
1070.55	11570
1070.5	11458
1070.45	11665
1070.4	11446
1070.35	11393
1070.3	11596
1070.25	11500
1070.2	11581
1070.15	11458
1070.1	11340
1070.05	11678
1070	11606
1069.95	11365
1069.9	11379
1069.85	11683
1069.8	11366
1069.75	11585
1069.7	11292
1069.65	11521
1069.6	11482
1069.55	11405
1069.5	11566
1069.45	11335
1069.4	11391
1069.35	11364
1069.3	11562
1069.25	11419
1069.2	11498
1069.15	11428
1069.1	11482
1069.05	11554
1069	11364
1068.95	11242
1068.9	11345
1068.85	11395
1068.8	11339
1068.75	11317
1068.7	11476
1068.65	11666
1068.6	11420
1068.55	11330
1068.5	11376
1068.45	11430
1068.4	11542
1068.35	11378
1068.3	11242
1068.25	11542
1068.2	11392
1068.15	11423
1068.1	11440
1068.05	11422
1068	11431
1067.95	11451
1067.9	11668
1067.85	11480
1067.8	11344
1067.75	11407
1067.7	11347
1067.65	11291
1067.6	11269
1067.55	11402
1067.5	11359
1067.45	11356
1067.4	11264
1067.35	11327
1067.3	11285
1067.25	11413
1067.2	11355
1067.15	11286
1067.1	11294
1067.05	11472
1067	11608
1066.95	11355
1066.9	11231
1066.85	11159
1066.8	11439
1066.75	11243
1066.7	11333
1066.65	11296
1066.6	11425
1066.55	11089
1066.5	11203
1066.45	11355
1066.4	11296
1066.35	11370
1066.3	11288
1066.25	11294
1066.2	11342
1066.15	11369
1066.1	11233
1066.05	11467
1066	11301

Element O 1s; Region 4 of 6; Depth Cycle 1 of 1; Time Per Step 50; Sweeps 8; Anode Mg; Photon Energy 1253.6; XPS;
550	1613
549.95	1532
549.9	1581
549.85	1589
549.8	1551
549.75	1592
549.7	1550
549.65	1509
549.6	1593
549.55	1525
549.5	1632
549.45	1530
549.4	1581
549.35	1575
549.3	1618
549.25	1552
549.2	1564
549.15	1557
549.1	1548
549.05	1549
549	1578
548.95	1561
548.9	1492
548.85	1623
548.8	1580
548.75	1607
548.7	1532
548.65	1543
548.6	1549
548.55	1519
548.5	1519
548.45	1526
548.4	1569
548.35	1591
548.3	1567
548.25	1505
548.2	1590
548.15	1577
548.1	1578
548.05	1540
548	1469
547.95	1539
547.9	1540
547.85	1539
547.8	1609
547.75	1519
547.7	1509
547.65	1571
547.6	1570
547.55	1448
547.5	1484
547.45	1537
547.4	1574
547.35	1602
547.3	1451
547.25	1578
547.2	1569
547.15	1517
547.1	1541
547.05	1517
547	1471
546.95	1470
546.9	1596
546.85	1507
546.8	1602
546.75	1524
546.7	1583
546.65	1602
546.6	1528
546.55	1385
546.5	1511
546.45	1508
546.4	1475
546.35	1453
546.3	1575
546.25	1519
546.2	1536
546.15	1560
546.1	1471
546.05	1532
546	1563
545.95	1471
545.9	1485
545.85	1488
545.8	1487
545.75	1571
545.7	1523
545.65	1479
545.6	1498
545.55	1482
545.5	1499
545.45	1458
545.4	1421
545.35	1537
545.3	1476
545.25	1497
545.2	1483
545.15	1541
545.1	1557
545.05	1539
545	1516
544.95	1496
544.9	1535
544.85	1514
544.8	1447
544.75	1478
544.7	1567
544.65	1433
544.6	1563
544.55	1542
544.5	1500
544.45	1520
544.4	1478
544.35	1424
544.3	1451
544.25	1506
544.2	1451
544.15	1454
544.1	1358
544.05	1443
544	1497
543.95	1465
543.9	1511
543.85	1473
543.8	1511
543.75	1520
543.7	1493
543.65	1451
543.6	1459
543.55	1464
543.5	1355
543.45	1381
543.4	1480
543.35	1495
543.3	1437
543.25	1457
543.2	1427
543.15	1514
543.1	1432
543.05	1455
543	1450
542.95	1433
542.9	1434
542.85	1498
542.8	1395
542.75	1428
542.7	1392
542.65	1457
542.6	1476
542.55	1478
542.5	1435
542.45	1432
542.4	1427
542.35	1439
542.3	1451
542.25	1446
542.2	1473
542.15	1404
542.1	1362
542.05	1384
542	1430
541.95	1369
541.9	1452
541.85	1369
541.8	1389
541.75	1422
541.7	1404
541.65	1338
541.6	1457
541.55	1360
541.5	1469
541.45	1409
541.4	1394
541.35	1407
541.3	1448
541.25	1389
541.2	1330
541.15	1404
541.1	1431
541.05	1419
541	1423
540.95	1432
540.9	1412
540.85	1354
540.8	1378
540.75	1363
540.7	1400
540.65	1400
540.6	1419
540.55	1375
540.5	1370
540.45	1441
540.4	1420
540.35	1333
540.3	1370
540.25	1409
540.2	1393
540.15	1374
540.1	1380
540.05	1401
540	1428
539.95	1440
539.9	1413
539.85	1359
539.8	1405
539.75	1316
539.7	1368
539.65	1415
539.6	1418
539.55	1370
539.5	1317
539.45	1394
539.4	1341
539.35	1400
539.3	1397
539.25	1384
539.2	1351
539.15	1331
539.1	1364
539.05	1400
539	1333
538.95	1344
538.9	1346
538.85	1353
538.8	1325
538.75	1347
538.7	1392
538.65	1335
538.6	1365
538.55	1368
538.5	1370
538.45	1338
538.4	1327
538.35	1346
538.3	1392
538.25	1373
538.2	1311
538.15	1365
538.1	1356
538.05	1397
538	1352
537.95	1366
537.9	1311
537.85	1286
537.8	1328
537.75	1300
537.7	1327
537.65	1333
537.6	1307
537.55	1333
537.5	1353
537.45	1302
537.4	1365
537.35	1337
537.3	1389
537.25	1327
537.2	1360
537.15	1391
537.1	1299
537.05	1311
537	1347
536.95	1334
536.9	1303
536.85	1334
536.8	1320
536.75	1349
536.7	1405
536.65	1340
536.6	1390
536.55	1394
536.5	1368
536.45	1363
536.4	1396
536.35	1424
536.3	1372
536.25	1377
536.2	1362
536.15	1395
536.1	1398
536.05	1372
536	1460
535.95	1399
535.9	1391
535.85	1376
535.8	1483
535.75	1411
535.7	1526
535.65	1497
535.6	1468
535.55	1438
535.5	1473
535.45	1563
535.4	1417
535.35	1449
535.3	1479
535.25	1524
535.2	1479
535.15	1518
535.1	1509
535.05	1617
535	1623
534.95	1526
534.9	1514
534.85	1539
534.8	1573
534.75	1570
534.7	1604
534.65	1682
534.6	1635
534.55	1622
534.5	1664
534.45	1598
534.4	1711
534.35	1720
534.3	1682
534.25	1702
534.2	1678
534.15	1782
534.1	1724
534.05	1724
534	1679
533.95	1754
533.9	1776
533.85	1764
533.8	1775
533.75	1817
533.7	1897
533.65	1917
533.6	1902
533.55	1890
533.5	1888
533.45	2028
533.4	2009
533.35	2042
533.3	2070
533.25	2160
533.2	2211
533.15	2214
533.1	2205
533.05	2202
533	2306
532.95	2280
532.9	2278
532.85	2349
532.8	2400
532.75	2339
532.7	2363
532.65	2362
532.6	2430
532.55	2380
532.5	2402
532.45	2281
532.4	2290
532.35	2308
532.3	2292
532.25	2276
532.2	2211
532.15	2176
532.1	2086
532.05	2145
532	2109
531.95	2124
531.9	2001
531.85	1949
531.8	2032
531.75	1960
531.7	1980
531.65	1899
531.6	1826
531.55	1895
531.5	1814
531.45	1872
531.4	1650
531.35	1744
531.3	1750
531.25	1665
531.2	1710
531.15	1738
531.1	1609
531.05	1680
531	1682
530.95	1633
530.9	1631
530.85	1612
530.8	1634
530.75	1664
530.7	1566
530.65	1534
530.6	1657
530.55	1493
530.5	1616
530.45	1534
530.4	1516
530.35	1571
530.3	1508
530.25	1514
530.2	1579
530.15	1504
530.1	1486
530.05	1486
530	1501
529.95	1510
529.9	1499
529.85	1550
529.8	1445
529.75	1457
529.7	1473
529.65	1546
529.6	1517
529.55	1464
529.5	1482
529.45	1440
529.4	1389
529.35	1351
529.3	1443
529.25	1416
529.2	1346
529.15	1414
529.1	1369
529.05	1328
529	1381
528.95	1317
528.9	1355
528.85	1339
528.8	1284
528.75	1283
528.7	1245
528.65	1281
528.6	1249
528.55	1281
528.5	1250
528.45	1267
528.4	1263
528.35	1267
528.3	1327
528.25	1271
528.2	1268
528.15	1232
528.1	1302
528.05	1219
528	1269
527.95	1274
527.9	1254
527.85	1323
527.8	1247
527.75	1303
527.7	1266
527.65	1281
527.6	1296
527.55	1252
527.5	1318
527.45	1327
527.4	1331
527.35	1292
527.3	1227
527.25	1267
527.2	1286
527.15	1291
527.1	1202
527.05	1240
527	1248
526.95	1258
526.9	1338
526.85	1261
526.8	1284
526.75	1246
526.7	1274
526.65	1247
526.6	1289
526.55	1308
526.5	1237
526.45	1207
526.4	1293
526.35	1285
526.3	1283
526.25	1290
526.2	1283
526.15	1324
526.1	1213
526.05	1304
526	1304
525.95	1233
525.9	1297
525.85	1267
525.8	1272
525.75	1241
525.7	1305
525.65	1239
525.6	1319
525.55	1319
525.5	1273
525.45	1220
525.4	1272
525.35	1351
525.3	1347
525.25	1278
525.2	1215
525.15	1273
525.1	1346
525.05	1315
525	1318
524.95	1273
524.9	1252
524.85	1297
524.8	1380
524.75	1336
524.7	1275
524.65	1332
524.6	1330
524.55	1317
524.5	1394
524.45	1334
524.4	1385
524.35	1344
524.3	1290
524.25	1357
524.2	1278
524.15	1338
524.1	1319
524.05	1390
524	1370
523.95	1318
523.9	1364
523.85	1416
523.8	1346
523.75	1379
523.7	1299
523.65	1288
523.6	1358
523.55	1333
523.5	1308
523.45	1367
523.4	1377
523.35	1294
523.3	1305
523.25	1382
523.2	1312
523.15	1367
523.1	1316
523.05	1295
523	1279
522.95	1368
522.9	1318
522.85	1338
522.8	1323
522.75	1307
522.7	1355
522.65	1366
522.6	1268
522.55	1262
522.5	1292
522.45	1356
522.4	1369
522.35	1260
522.3	1199
522.25	1300
522.2	1281
522.15	1328
522.1	1257
522.05	1320
522	1298
521.95	1352
521.9	1232
521.85	1336
521.8	1285
521.75	1258
521.7	1276
521.65	1317
521.6	1253
521.55	1347
521.5	1319
521.45	1243
521.4	1280
521.35	1279
521.3	1262
521.25	1265
521.2	1214
521.15	1280
521.1	1290
521.05	1244
521	1230
520.95	1197
520.9	1265
520.85	1209
520.8	1238
520.75	1219
520.7	1222
520.65	1298
520.6	1223
520.55	1195
520.5	1237
520.45	1267
520.4	1270
520.35	1244
520.3	1252
520.25	1251
520.2	1226
520.15	1256
520.1	1275
520.05	1328
520	1262
519.95	1308
519.9	1254
519.85	1243
519.8	1234
519.75	1260
519.7	1182
519.65	1160
519.6	1255
519.55	1290
519.5	1203
519.45	1221
519.4	1220
519.35	1229
519.3	1260
519.25	1284
519.2	1259
519.15	1269
519.1	1227
519.05	1320
519	1213
518.95	1286
518.9	1199
518.85	1252
518.8	1235
518.75	1225
518.7	1221
518.65	1246
518.6	1229
518.55	1267
518.5	1205
518.45	1269
518.4	1240
518.35	1251
518.3	1247
518.25	1231
518.2	1208
518.15	1210
518.1	1256
518.05	1231
518	1182
517.95	1214
517.9	1223
517.85	1265
517.8	1204
517.75	1205
517.7	1180
517.65	1218
517.6	1253
517.55	1221
517.5	1247
517.45	1218
517.4	1162
517.35	1181
517.3	1214
517.25	1235
517.2	1244
517.15	1180
517.1	1192
517.05	1263
517	1211
516.95	1274
516.9	1266
516.85	1265
516.8	1261
516.75	1221
516.7	1183
516.65	1207
516.6	1220
516.55	1183
516.5	1242
516.45	1247
516.4	1204
516.35	1212
516.3	1200
516.25	1309
516.2	1212
516.15	1260
516.1	1229
516.05	1235
516	1179
515.95	1206
515.9	1194
515.85	1221
515.8	1215
515.75	1223
515.7	1274
515.65	1243
515.6	1271
515.55	1256
515.5	1194
515.45	1235
515.4	1151
515.35	1220
515.3	1271
515.25	1188
515.2	1196
515.15	1257
515.1	1177
515.05	1214
515	1264

Element Sr 3d; Region 5 of 6; Depth Cycle 1 of 1; Time Per Step 50; Sweeps 24; Anode Mg; Photon Energy 1253.6; XPS;
165	1619
164.95	1603
164.9	1600
164.85	1551
164.8	1523
164.75	1546
164.7	1534
164.65	1526
164.6	1571
164.55	1517
164.5	1528
164.45	1530
164.4	1459
164.35	1470
164.3	1510
164.25	1497
164.2	1518
164.15	1615
164.1	1636
164.05	1641
164	1637
163.95	1707
163.9	1750
163.85	1824
163.8	1837
163.75	1955
163.7	2036
163.65	2141
163.6	2174
163.55	2301
163.5	2468
163.45	2443
163.4	2694
163.35	2855
163.3	3027
163.25	3169
163.2	3374
163.15	3600
163.1	3715
163.05	3972
163	4168
162.95	4317
162.9	4423
162.85	4683
162.8	4772
162.75	5001
162.7	5115
162.65	5192
162.6	5377
162.55	5362
162.5	5407
162.45	5480
162.4	5280
162.35	5426
162.3	5277
162.25	5215
162.2	5044
162.15	5034
162.1	4862
162.05	4587
162	4532
161.95	4368
161.9	4284
161.85	3979
161.8	3892
161.75	3614
161.7	3659
161.65	3494
161.6	3341
161.55	3123
161.5	3022
161.45	3032
161.4	2838
161.35	2733
161.3	2614
161.25	2545
161.2	2476
161.15	2391
161.1	2414
161.05	2313
161	2236
160.95	2289
160.9	2241
160.85	2144
160.8	2101
160.75	2031
160.7	2062
160.65	1995
160.6	2045
160.55	2084
160.5	2014
160.45	1954
160.4	1865
160.35	1911
160.3	1875
160.25	1974
160.2	1949
160.15	1921
160.1	1865
160.05	1937
160	1891
159.95	1880
159.9	1892
159.85	1780
159.8	1762
159.75	1752
159.7	1716
159.65	1697
159.6	1702
159.55	1720
159.5	1562
159.45	1594
159.4	1564
159.35	1631
159.3	1533
159.25	1458
159.2	1484
159.15	1445
159.1	1370
159.05	1368
159	1400
158.95	1411
158.9	1314
158.85	1275
158.8	1319
158.75	1301
158.7	1275
158.65	1246
158.6	1219
158.55	1262
158.5	1209
158.45	1203
158.4	1190
158.35	1212
158.3	1172
158.25	1240
158.2	1204
158.15	1197
158.1	1161
158.05	1223
158	1224
157.95	1213
157.9	1245
157.85	1163
157.8	1186
157.75	1181
157.7	1213
157.65	1158
157.6	1153
157.55	1182
157.5	1230
157.45	1193
157.4	1214
157.35	1229
157.3	1130
157.25	1104
157.2	1097
157.15	1068
157.1	1149
157.05	1106
157	1129
156.95	1070
156.9	1067
156.85	1104
156.8	1020
156.75	1067
156.7	1001
156.65	1028
156.6	1032
156.55	1044
156.5	1003
156.45	958
156.4	997
156.35	975
156.3	946
156.25	935
156.2	932
156.15	958
156.1	964
156.05	988
156	875
155.95	983
155.9	941
155.85	936
155.8	942
155.75	932
155.7	918
155.65	935
155.6	929
155.55	947
155.5	938
155.45	948
155.4	876
155.35	1015
155.3	890
155.25	939
155.2	926
155.15	964
155.1	950
155.05	951
155	1003
154.95	989
154.9	971
154.85	964
154.8	966
154.75	1057
154.7	987
154.65	984
154.6	1087
154.55	1070
154.5	974
154.45	1027
154.4	1106
154.35	1074
154.3	1060
154.25	1115
154.2	1073
154.15	1134
154.1	1207
154.05	1106
154	1108
153.95	1116
153.9	1170
153.85	1159
153.8	1113
153.75	1151
153.7	1165
153.65	1097
153.6	1058
153.55	1100
153.5	1065
153.45	1026
153.4	1024
153.35	1127
153.3	1046
153.25	1010
153.2	1019
153.15	1091
153.1	1027
153.05	1068
153	1045
152.95	1088
152.9	989
152.85	1063
152.8	1111
152.75	1052
152.7	1104
152.65	1082
152.6	1054
152.55	1077
152.5	1035
152.45	996
152.4	1065
152.35	1088
152.3	1062
152.25	1060
152.2	1035
152.15	1087
152.1	1006
152.05	1029
152	948
151.95	1046
151.9	1027
151.85	1035
151.8	1055
151.75	1059
151.7	957
151.65	986
151.6	947
151.55	946
151.5	959
151.45	934
151.4	924
151.35	916
151.3	905
151.25	928
151.2	872
151.15	899
151.1	884
151.05	867
151	880
150.95	841
150.9	874
150.85	870
150.8	824
150.75	849
150.7	897
150.65	809
150.6	853
150.55	833
150.5	849
150.45	819
150.4	872
150.35	781
150.3	822
150.25	814
150.2	843
150.15	824
150.1	777
150.05	830
150	788
149.95	797
149.9	842
149.85	815
149.8	759
149.75	840
149.7	836
149.65	780
149.6	798
149.55	809
149.5	861
149.45	813
149.4	807
149.35	772
149.3	732
149.25	759
149.2	731
149.15	742
149.1	760
149.05	710
149	821
148.95	782
148.9	772
148.85	730
148.8	713
148.75	743
148.7	738
148.65	788
148.6	768
148.55	747
148.5	760
148.45	777
148.4	729
148.35	757
148.3	712
148.25	768
148.2	760
148.15	752
148.1	713
148.05	718
148	720
147.95	780
147.9	735
147.85	701
147.8	746
147.75	758
147.7	748
147.65	770
147.6	796
147.55	776
147.5	768
147.45	751
147.4	706
147.35	730
147.3	717
147.25	698
147.2	739
147.15	712
147.1	721
147.05	742
147	727
146.95	752
146.9	706
146.85	759
146.8	711
146.75	683
146.7	793
146.65	739
146.6	748
146.55	739
146.5	755
146.45	720
146.4	735
146.35	734
146.3	708
146.25	730
146.2	684
146.15	752
146.1	724
146.05	823
146	724
145.95	744
145.9	759
145.85	778
145.8	762
145.75	723
145.7	746
145.65	716
145.6	751
145.55	725
145.5	696
145.45	788
145.4	771
145.35	714
145.3	741
145.25	722
145.2	722
145.15	761
145.1	756
145.05	739
145	736
144.95	694
144.9	703
144.85	752
144.8	722
144.75	718
144.7	716
144.65	732
144.6	691
144.55	706
144.5	750
144.45	724
144.4	793
144.35	747
144.3	719
144.25	712
144.2	699
144.15	689
144.1	710
144.05	731
144	720
143.95	724
143.9	708
143.85	730
143.8	721
143.75	721
143.7	688
143.65	752
143.6	775
143.55	749
143.5	750
143.45	742
143.4	692
143.35	706
143.3	670
143.25	768
143.2	665
143.15	706
143.1	766
143.05	697
143	702
142.95	700
142.9	734
142.85	732
142.8	713
142.75	750
142.7	693
142.65	747
142.6	724
142.55	763
142.5	714
142.45	697
142.4	686
142.35	686
142.3	739
142.25	771
142.2	692
142.15	691
142.1	731
142.05	671
142	798
141.95	731
141.9	739
141.85	718
141.8	690
141.75	768
141.7	720
141.65	690
141.6	683
141.55	749
141.5	702
141.45	714
141.4	709
141.35	730
141.3	695
141.25	758
141.2	741
141.15	708
141.1	765
141.05	662
141	733
140.95	725
140.9	717
140.85	718
140.8	731
140.75	723
140.7	712
140.65	676
140.6	736
140.55	705
140.5	719
140.45	728
140.4	686
140.35	694
140.3	683
140.25	688
140.2	681
140.15	720
140.1	738
140.05	668
140	755
139.95	765
139.9	727
139.85	748
139.8	662
139.75	721
139.7	715
139.65	662
139.6	691
139.55	730
139.5	699
139.45	664
139.4	662
139.35	687
139.3	686
139.25	654
139.2	713
139.15	698
139.1	700
139.05	675
139	738
138.95	724
138.9	688
138.85	745
138.8	741
138.75	712
138.7	695
138.65	685
138.6	752
138.55	764
138.5	710
138.45	735
138.4	700
138.35	741
138.3	747
138.25	740
138.2	701
138.15	737
138.1	762
138.05	763
138	730
137.95	772
137.9	720
137.85	696
137.8	726
137.75	671
137.7	706
137.65	705
137.6	707
137.55	731
137.5	742
137.45	786
137.4	712
137.35	689
137.3	714
137.25	691
137.2	691
137.15	660
137.1	701
137.05	683
137	723
136.95	731
136.9	797
136.85	749
136.8	787
136.75	665
136.7	701
136.65	750
136.6	743
136.55	723
136.5	723
136.45	728
136.4	745
136.35	707
136.3	739
136.25	702
136.2	755
136.15	724
136.1	786
136.05	700
136	731
135.95	724
135.9	735
135.85	778
135.8	755
135.75	709
135.7	731
135.65	679
135.6	724
135.55	717
135.5	666
135.45	744
135.4	731
135.35	725
135.3	704
135.25	698
135.2	719
135.15	737
135.1	665
135.05	726
135	697
134.95	666
134.9	714
134.85	692
134.8	671
134.75	705
134.7	709
134.65	705
134.6	668
134.55	700
134.5	680
134.45	743
134.4	628
134.35	683
134.3	710
134.25	719
134.2	687
134.15	744
134.1	678
134.05	657
134	648
133.95	751
133.9	676
133.85	661
133.8	702
133.75	677
133.7	701
133.65	667
133.6	711
133.55	676
133.5	725
133.45	727
133.4	703
133.35	699
133.3	720
133.25	663
133.2	698
133.15	744
133.1	699
133.05	723
133	674
132.95	738
132.9	718
132.85	699
132.8	682
132.75	707
132.7	667
132.65	695
132.6	674
132.55	683
132.5	711
132.45	624
132.4	678
132.35	664
132.3	672
132.25	693
132.2	660
132.15	685
132.1	680
132.05	727
132	731
131.95	767
131.9	668
131.85	706
131.8	700
131.75	684
131.7	677
131.65	695
131.6	715
131.55	662
131.5	670
131.45	668
131.4	732
131.35	657
131.3	732
131.25	677
131.2	720
131.15	682
131.1	693
131.05	692
131	683
130.95	700
130.9	733
130.85	691
130.8	660
130.75	684
130.7	677
130.65	702
130.6	679
130.55	649
130.5	695
130.45	705
130.4	686
130.35	695
130.3	688
130.25	706
130.2	662
130.15	636
130.1	664
130.05	676
130	716
129.95	685
129.9	713
129.85	667
129.8	709
129.75	701
129.7	684
129.65	708
129.6	692
129.55	692
129.5	676
129.45	693
129.4	716
129.35	643
129.3	665
129.25	702
129.2	688
129.15	697
129.1	713
129.05	685
129	661
128.95	640
128.9	711
128.85	744
128.8	690
128.75	731
128.7	724
128.65	636
128.6	693
128.55	679
128.5	716
128.45	701
128.4	667
128.35	707
128.3	696
128.25	671
128.2	691
128.15	675
128.1	721
128.05	701
128	663
127.95	712
127.9	672
127.85	683
127.8	717
127.75	639
127.7	708
127.65	714
127.6	745
127.55	705
127.5	683
127.45	750
127.4	679
127.35	700
127.3	699
127.25	700
127.2	687
127.15	640
127.1	706
127.05	689
127	668
126.95	671
126.9	678
126.85	701
126.8	732
126.75	701
126.7	676
126.65	715
126.6	725
126.55	761
126.5	710
126.45	703
126.4	693
126.35	688
126.3	644
126.25	692
126.2	708
126.15	711
126.1	703
126.05	707
126	689
125.95	704
125.9	734
125.85	730
125.8	723
125.75	717
125.7	720
125.65	713
125.6	729
125.55	709
125.5	627
125.45	648
125.4	708
125.35	719
125.3	706
125.25	691
125.2	740
125.15	701
125.1	712
125.05	660
125	734

Element Ti 2p; Region 6 of 6; Depth Cycle 1 of 1; Time Per Step 50; Sweeps 24; Anode Mg; Photon Energy 1253.6; XPS;
485	3497
484.95	3677
484.9	3722
484.85	3572
484.8	3617
484.75	3599
484.7	3631
484.65	3581
484.6	3768
484.55	3640
484.5	3764
484.45	3600
484.4	3585
484.35	3662
484.3	3626
484.25	3622
484.2	3522
484.15	3626
484.1	3638
484.05	3540
484	3644
483.95	3666
483.9	3674
483.85	3588
483.8	3713
483.75	3685
483.7	3718
483.65	3601
483.6	3709
483.55	3586
483.5	3568
483.45	3521
483.4	3649
483.35	3560
483.3	3563
483.25	3594
483.2	3604
483.15	3718
483.1	3610
483.05	3623
483	3607
482.95	3639
482.9	3695
482.85	3527
482.8	3571
482.75	3623
482.7	3606
482.65	3623
482.6	3693
482.55	3618
482.5	3525
482.45	3610
482.4	3496
482.35	3649
482.3	3594
482.25	3678
482.2	3669
482.15	3604
482.1	3692
482.05	3622
482	3568
481.95	3669
481.9	3681
481.85	3607
481.8	3568
481.75	3595
481.7	3614
481.65	3620
481.6	3497
481.55	3679
481.5	3626
481.45	3627
481.4	3659
481.35	3549
481.3	3647
481.25	3651
481.2	3689
481.15	3526
481.1	3507
481.05	3641
481	3713
480.95	3579
480.9	3690
480.85	3566
480.8	3607
480.75	3593
480.7	3577
480.65	3618
480.6	3604
480.55	3558
480.5	3548
480.45	3589
480.4	3643
480.35	3724
480.3	3707
480.25	3585
480.2	3651
480.15	3658
480.1	3560
480.05	3678
480	3616
479.95	3715
479.9	3685
479.85	3578
479.8	3545
479.75	3551
479.7	3716
479.65	3608
479.6	3515
479.55	3541
479.5	3654
479.45	3655
479.4	3631
479.35	3573
479.3	3577
479.25	3510
479.2	3557
479.15	3579
479.1	3594
479.05	3685
479	3644
478.95	3655
478.9	3631
478.85	3588
478.8	3589
478.75	3648
478.7	3659
478.65	3574
478.6	3599
478.55	3485
478.5	3504
478.45	3505
478.4	3639
478.35	3578
478.3	3568
478.25	3523
478.2	3539
478.15	3449
478.1	3562
478.05	3544
478	3474
477.95	3607
477.9	3527
477.85	3571
477.8	3638
477.75	3547
477.7	3512
477.65	3451
477.6	3558
477.55	3541
477.5	3541
477.45	3596
477.4	3542
477.35	3444
477.3	3440
477.25	3548
477.2	3568
477.15	3503
477.1	3457
477.05	3475
477	3616
476.95	3538
476.9	3460
476.85	3542
476.8	3536
476.75	3544
476.7	3480
476.65	3495
476.6	3618
476.55	3611
476.5	3614
476.45	3511
476.4	3541
476.35	3438
476.3	3564
476.25	3522
476.2	3598
476.15	3483
476.1	3576
476.05	3487
476	3502
475.95	3496
475.9	3410
475.85	3621
475.8	3561
475.75	3539
475.7	3553
475.65	3603
475.6	3520
475.55	3509
475.5	3541
475.45	3611
475.4	3635
475.35	3548
475.3	3528
475.25	3590
475.2	3616
475.15	3535
475.1	3557
475.05	3515
475	3548
474.95	3527
474.9	3596
474.85	3600
474.8	3567
474.75	3413
474.7	3564
474.65	3526
474.6	3468
474.55	3435
474.5	3460
474.45	3505
474.4	3481
474.35	3595
474.3	3524
474.25	3448
474.2	3485
474.15	3507
474.1	3568
474.05	3511
474	3525
473.95	3494
473.9	3468
473.85	3528
473.8	3610
473.75	3500
473.7	3463
473.65	3637
473.6	3528
473.55	3429
473.5	3483
473.45	3430
473.4	3438
473.35	3531
473.3	3472
473.25	3437
473.2	3472
473.15	3643
473.1	3474
473.05	3405
473	3502
472.95	3341
472.9	3531
472.85	3383
472.8	3543
472.75	3382
472.7	3434
472.65	3442
472.6	3538
472.55	3588
472.5	3419
472.45	3408
472.4	3468
472.35	3501
472.3	3405
472.25	3485
472.2	3564
472.15	3561
472.1	3466
472.05	3396
472	3511
471.95	3458
471.9	3493
471.85	3625
471.8	3519
471.75	3509
471.7	3494
471.65	3553
471.6	3382
471.55	3481
471.5	3477
471.45	3573
471.4	3492
471.35	3529
471.3	3493
471.25	3529
471.2	3557
471.15	3612
471.1	3574
471.05	3416
471	3647
470.95	3558
470.9	3460
470.85	3485
470.8	3561
470.75	3530
470.7	3497
470.65	3515
470.6	3444
470.55	3603
470.5	3512
470.45	3499
470.4	3656
470.35	3682
470.3	3622
470.25	3537
470.2	3546
470.15	3649
470.1	3595
470.05	3587
470	3732
469.95	3656
469.9	3644
469.85	3631
469.8	3639
469.75	3700
469.7	3629
469.65	3712
469.6	3649
469.55	3648
469.5	3775
469.45	3690
469.4	3749
469.35	3729
469.3	3751
469.25	3727
469.2	3808
469.15	3666
469.1	3743
469.05	3868
469	3730
468.95	3792
468.9	3848
468.85	3749
468.8	3826
468.75	3840
468.7	3641
468.65	3842
468.6	3911
468.55	3833
468.5	3818
468.45	4011
468.4	3890
468.35	3936
468.3	3852
468.25	3912
468.2	3960
468.15	3764
468.1	3958
468.05	4003
468	3906
467.95	3966
467.9	3926
467.85	3979
467.8	3830
467.75	3945
467.7	4001
467.65	3991
467.6	3957
467.55	3975
467.5	4031
467.45	3998
467.4	4084
467.35	4100
467.3	3972
467.25	3991
467.2	3968
467.15	4184
467.1	4042
467.05	4042
467	4151
466.95	4127
466.9	4072
466.85	4093
466.8	3952
466.75	3965
466.7	4013
466.65	3986
466.6	4007
466.55	4034
466.5	4009
466.45	3946
466.4	3962
466.35	3922
466.3	4038
466.25	3891
466.2	3826
466.15	3843
466.1	3760
466.05	3749
466	3844
465.95	3782
465.9	3735
465.85	3629
465.8	3784
465.75	3701
465.7	3686
465.65	3652
465.6	3609
465.55	3711
465.5	3637
465.45	3590
465.4	3761
465.35	3466
465.3	3649
465.25	3472
465.2	3548
465.15	3523
465.1	3550
465.05	3544
465	3450
464.95	3489
464.9	3465
464.85	3523
464.8	3375
464.75	3355
464.7	3447
464.65	3426
464.6	3412
464.55	3420
464.5	3368
464.45	3351
464.4	3321
464.35	3343
464.3	3227
464.25	3406
464.2	3346
464.15	3361
464.1	3345
464.05	3325
464	3289
463.95	3322
463.9	3316
463.85	3380
463.8	3266
463.75	3284
463.7	3256
463.65	3261
463.6	3300
463.55	3269
463.5	3254
463.45	3329
463.4	3272
463.35	3246
463.3	3343
463.25	3373
463.2	3269
463.15	3210
463.1	3332
463.05	3216
463	3351
462.95	3342
462.9	3298
462.85	3209
462.8	3216
462.75	3326
462.7	3308
462.65	3386
462.6	3398
462.55	3374
462.5	3356
462.45	3390
462.4	3370
462.35	3392
462.3	3483
462.25	3517
462.2	3583
462.15	3545
462.1	3631
462.05	3729
462	3666
461.95	3844
461.9	3727
461.85	3925
461.8	4006
461.75	3937
461.7	4227
461.65	4380
461.6	4264
461.55	4218
461.5	4420
461.45	4379
461.4	4507
461.35	4435
461.3	4670
461.25	4583
461.2	4661
461.15	4588
461.1	4624
461.05	4592
461	4667
460.95	4451
460.9	4507
460.85	4477
460.8	4365
460.75	4409
460.7	4340
460.65	4142
460.6	4213
460.55	4131
460.5	3934
460.45	3974
460.4	3948
460.35	3864
460.3	3832
460.25	3768
460.2	3732
460.15	3748
460.1	3567
460.05	3470
460	3548
459.95	3427
459.9	3474
459.85	3602
459.8	3337
459.75	3403
459.7	3355
459.65	3321
459.6	3349
459.55	3340
459.5	3343
459.45	3272
459.4	3225
459.35	3306
459.3	3314
459.25	3317
459.2	3302
459.15	3241
459.1	3141
459.05	3227
459	3195
458.95	3150
458.9	3206
458.85	3104
458.8	3258
458.75	3042
458.7	3165
458.65	3076
458.6	3108
458.55	2991
458.5	3095
458.45	3025
458.4	3095
458.35	3062
458.3	2999
458.25	2979
458.2	3059
458.15	2995
458.1	3051
458.05	3055
458	3020
457.95	3125
457.9	2934
457.85	2947
457.8	2995
457.75	2859
457.7	3020
457.65	2969
457.6	2972
457.55	2873
457.5	3001
457.45	2955
457.4	2882
457.35	2941
457.3	3007
457.25	2818
457.2	2948
457.15	2970
457.1	2952
457.05	2878
457	2880
456.95	2834
456.9	2942
456.85	2913
456.8	2786
456.75	2920
456.7	2894
456.65	2799
456.6	2960
456.55	2901
456.5	2850
456.45	2870
456.4	2787
456.35	2905
456.3	2878
456.25	2844
456.2	2924
456.15	2869
456.1	2811
456.05	2865
456	2841
455.95	2829
455.9	2865
455.85	2847
455.8	2800
455.75	2830
455.7	2877
455.65	2832
455.6	2793
455.55	2718
455.5	2850
455.45	2789
455.4	2813
455.35	2807
455.3	2693
455.25	2844
455.2	2788
455.15	2740
455.1	2777
455.05	2719
455	2740
454.95	2803
454.9	2736
454.85	2697
454.8	2706
454.75	2702
454.7	2769
454.65	2778
454.6	2825
454.55	2771
454.5	2771
454.45	2772
454.4	2725
454.35	2755
454.3	2805
454.25	2771
454.2	2820
454.15	2762
454.1	2711
454.05	2823
454	2743
453.95	2739
453.9	2725
453.85	2670
453.8	2761
453.75	2700
453.7	2766
453.65	2797
453.6	2851
453.55	2777
453.5	2743
453.45	2793
453.4	2732
453.35	2758
453.3	2724
453.25	2828
453.2	2839
453.15	2791
453.1	2839
453.05	2836
453	2832
452.95	2849
452.9	2800
452.85	2802
452.8	2772
452.75	2753
452.7	2881
452.65	2916
452.6	2848
452.55	2941
452.5	2849
452.45	2802
452.4	2724
452.35	2852
452.3	2687
452.25	2739
452.2	2686
452.15	2858
452.1	2714
452.05	2789
452	2793
451.95	2882
451.9	2774
451.85	2833
451.8	2745
451.75	2802
451.7	2900
451.65	2756
451.6	2806
451.55	2726
451.5	2789
451.45	2811
451.4	2881
451.35	2725
451.3	2808
451.25	2810
451.2	2706
451.15	2871
451.1	2795
451.05	2755
451	2708
450.95	2825
450.9	2651
450.85	2830
450.8	2810
450.75	2748
450.7	2705
450.65	2788
450.6	2751
450.55	2754
450.5	2699
450.45	2815
450.4	2834
450.35	2898
450.3	2793
450.25	2669
450.2	2789
450.15	2748
450.1	2831
450.05	2803
450	2818

