Cycles 8; Regions 6; Anode Mg; Photon Energy 1253.6; XPS;
Bi 4f	Na 1s	O 1s	Sr 3d	Ti 2p	C 1s	
4767.5	2226.25	3375	821.667	2100	1237.5	
Element Bi 4f; Region 1 of 6; Depth Cycle 1 of 1; Time Per Step 50; Sweeps 8; Anode Mg; Photon Energy 1253.6; XPS;
180	587
179.95	640
179.9	570
179.85	579
179.8	587
179.75	559
179.7	587
179.65	612
179.6	577
179.55	611
179.5	620
179.45	569
179.4	602
179.35	544
179.3	593
179.25	589
179.2	591
179.15	622
179.1	547
179.05	533
179	590
178.95	595
178.9	626
178.85	544
178.8	597
178.75	584
178.7	582
178.65	543
178.6	604
178.55	568
178.5	566
178.45	508
178.4	557
178.35	576
178.3	564
178.25	567
178.2	628
178.15	569
178.1	568
178.05	567
178	543
177.95	631
177.9	576
177.85	527
177.8	580
177.75	524
177.7	553
177.65	548
177.6	629
177.55	542
177.5	547
177.45	608
177.4	609
177.35	576
177.3	557
177.25	554
177.2	592
177.15	555
177.1	527
177.05	597
177	507
176.95	554
176.9	546
176.85	544
176.8	583
176.75	540
176.7	530
176.65	550
176.6	547
176.55	570
176.5	519
176.45	552
176.4	530
176.35	568
176.3	563
176.25	561
176.2	536
176.15	574
176.1	530
176.05	565
176	529
175.95	550
175.9	547
175.85	567
175.8	551
175.75	519
175.7	519
175.65	532
175.6	511
175.55	520
175.5	544
175.45	533
175.4	567
175.35	558
175.3	571
175.25	521
175.2	552
175.15	544
175.1	533
175.05	491
175	530
174.95	568
174.9	562
174.85	539
174.8	527
174.75	529
174.7	559
174.65	554
174.6	544
174.55	544
174.5	569
174.45	538
174.4	529
174.35	569
174.3	557
174.25	567
174.2	545
174.15	538
174.1	502
174.05	560
174	529
173.95	550
173.9	551
173.85	508
173.8	517
173.75	535
173.7	560
173.65	519
173.6	507
173.55	560
173.5	487
173.45	556
173.4	522
173.35	502
173.3	523
173.25	490
173.2	549
173.15	534
173.1	502
173.05	507
173	515
172.95	544
172.9	517
172.85	517
172.8	516
172.75	519
172.7	523
172.65	547
172.6	526
172.55	540
172.5	479
172.45	474
172.4	475
172.35	500
172.3	508
172.25	565
172.2	532
172.15	473
172.1	521
172.05	550
172	488
171.95	500
171.9	493
171.85	509
171.8	518
171.75	482
171.7	477
171.65	528
171.6	491
171.55	488
171.5	499
171.45	464
171.4	503
171.35	461
171.3	510
171.25	456
171.2	454
171.15	470
171.1	507
171.05	452
171	459
170.95	513
170.9	505
170.85	500
170.8	444
170.75	459
170.7	476
170.65	471
170.6	519
170.55	496
170.5	514
170.45	489
170.4	465
170.35	520
170.3	477
170.25	505
170.2	477
170.15	489
170.1	475
170.05	512
170	541
169.95	519
169.9	533
169.85	547
169.8	559
169.75	580
169.7	583
169.65	572
169.6	629
169.55	669
169.5	666
169.45	716
169.4	770
169.35	766
169.3	797
169.25	860
169.2	911
169.15	911
169.1	1022
169.05	1027
169	1046
168.95	1103
168.9	1151
168.85	1232
168.8	1342
168.75	1355
168.7	1316
168.65	1440
168.6	1450
168.55	1527
168.5	1577
168.45	1650
168.4	1647
168.35	1703
168.3	1723
168.25	1732
168.2	1701
168.15	1711
168.1	1684
168.05	1669
168	1649
167.95	1645
167.9	1608
167.85	1472
167.8	1504
167.75	1446
167.7	1388
167.65	1415
167.6	1240
167.55	1247
167.5	1214
167.45	1148
167.4	1114
167.35	1040
167.3	991
167.25	953
167.2	954
167.15	884
167.1	871
167.05	811
167	819
166.95	835
166.9	776
166.85	737
166.8	747
166.75	695
166.7	672
166.65	707
166.6	706
166.55	680
166.5	618
166.45	650
166.4	609
166.35	613
166.3	640
166.25	601
166.2	579
166.15	538
166.1	530
166.05	597
166	562
165.95	544
165.9	505
165.85	559
165.8	532
165.75	591
165.7	521
165.65	517
165.6	560
165.55	506
165.5	515
165.45	487
165.4	510
165.35	528
165.3	462
165.25	496
165.2	473
165.15	445
165.1	482
165.05	477
165	524
164.95	491
164.9	515
164.85	537
164.8	497
164.75	508
164.7	514
164.65	544
164.6	521
164.55	499
164.5	571
164.45	567
164.4	620
164.35	616
164.3	637
164.25	656
164.2	691
164.15	741
164.1	728
164.05	847
164	808
163.95	789
163.9	933
163.85	931
163.8	1011
163.75	1149
163.7	1188
163.65	1287
163.6	1324
163.55	1366
163.5	1413
163.45	1538
163.4	1640
163.35	1688
163.3	1807
163.25	1863
163.2	1869
163.15	1920
163.1	1963
163.05	2005
163	2134
162.95	2033
162.9	1987
162.85	2096
162.8	2043
162.75	1904
162.7	1885
162.65	1883
162.6	1830
162.55	1771
162.5	1666
162.45	1628
162.4	1596
162.35	1460
162.3	1493
162.25	1408
162.2	1328
162.15	1294
162.1	1276
162.05	1149
162	1079
161.95	1058
161.9	1003
161.85	965
161.8	935
161.75	843
161.7	915
161.65	857
161.6	802
161.55	757
161.5	764
161.45	704
161.4	744
161.35	710
161.3	670
161.25	721
161.2	620
161.15	658
161.1	621
161.05	663
161	615
160.95	607
160.9	580
160.85	600
160.8	613
160.75	550
160.7	589
160.65	503
160.6	574
160.55	545
160.5	562
160.45	549
160.4	557
160.35	565
160.3	536
160.25	561
160.2	540
160.15	535
160.1	512
160.05	509
160	521
159.95	523
159.9	485
159.85	503
159.8	519
159.75	483
159.7	456
159.65	469
159.6	486
159.55	471
159.5	417
159.45	452
159.4	447
159.35	425
159.3	403
159.25	442
159.2	440
159.15	395
159.1	392
159.05	403
159	410
158.95	433
158.9	385
158.85	375
158.8	383
158.75	384
158.7	411
158.65	358
158.6	374
158.55	350
158.5	381
158.45	390
158.4	361
158.35	360
158.3	392
158.25	408
158.2	383
158.15	383
158.1	403
158.05	383
158	400
157.95	396
157.9	366
157.85	391
157.8	379
157.75	378
157.7	351
157.65	401
157.6	358
157.55	387
157.5	363
157.45	372
157.4	335
157.35	354
157.3	344
157.25	347
157.2	348
157.15	348
157.1	318
157.05	339
157	340
156.95	298
156.9	320
156.85	314
156.8	291
156.75	321
156.7	306
156.65	299
156.6	279
156.55	296
156.5	334
156.45	295
156.4	278
156.35	308
156.3	310
156.25	290
156.2	319
156.15	288
156.1	288
156.05	264
156	288
155.95	273
155.9	321
155.85	282
155.8	316
155.75	308
155.7	308
155.65	287
155.6	299
155.55	311
155.5	335
155.45	291
155.4	341
155.35	316
155.3	319
155.25	344
155.2	365
155.15	351
155.1	355
155.05	373
155	366
154.95	380
154.9	404
154.85	396
154.8	351
154.75	333
154.7	388
154.65	359
154.6	361
154.55	362
154.5	394
154.45	376
154.4	360
154.35	427
154.3	369
154.25	371
154.2	331
154.15	374
154.1	403
154.05	358
154	397
153.95	356
153.9	366
153.85	373
153.8	352
153.75	342
153.7	360
153.65	332
153.6	350
153.55	354
153.5	379
153.45	354
153.4	384
153.35	362
153.3	320
153.25	370
153.2	321
153.15	367
153.1	359
153.05	335
153	367
152.95	384
152.9	362
152.85	383
152.8	368
152.75	379
152.7	368
152.65	348
152.6	342
152.55	331
152.5	316
152.45	338
152.4	324
152.35	324
152.3	305
152.25	315
152.2	334
152.15	344
152.1	333
152.05	336
152	316
151.95	324
151.9	338
151.85	307
151.8	313
151.75	272
151.7	280
151.65	299
151.6	272
151.55	273
151.5	269
151.45	303
151.4	292
151.35	279
151.3	257
151.25	256
151.2	241
151.15	290
151.1	271
151.05	265
151	273
150.95	266
150.9	255
150.85	255
150.8	250
150.75	241
150.7	249
150.65	267
150.6	248
150.55	245
150.5	238
150.45	238
150.4	245
150.35	260
150.3	256
150.25	250
150.2	234
150.15	234
150.1	253
150.05	227
150	233

Element Na 1s; Region 2 of 6; Depth Cycle 1 of 1; Time Per Step 50; Sweeps 16; Anode Mg; Photon Energy 1253.6; XPS;
1086	11656
1085.95	11503
1085.9	11511
1085.85	11571
1085.8	11850
1085.75	11756
1085.7	11690
1085.65	11892
1085.6	11757
1085.55	11627
1085.5	11743
1085.45	11798
1085.4	11791
1085.35	11797
1085.3	11578
1085.25	11545
1085.2	11637
1085.15	11674
1085.1	11901
1085.05	11612
1085	11632
1084.95	11630
1084.9	11590
1084.85	11596
1084.8	11406
1084.75	11792
1084.7	11832
1084.65	11602
1084.6	11608
1084.55	11782
1084.5	11769
1084.45	11507
1084.4	11733
1084.35	11831
1084.3	11601
1084.25	11497
1084.2	11498
1084.15	11510
1084.1	11661
1084.05	11588
1084	11516
1083.95	11552
1083.9	11529
1083.85	11559
1083.8	11507
1083.75	11589
1083.7	11396
1083.65	11480
1083.6	11381
1083.55	11572
1083.5	11574
1083.45	11548
1083.4	11611
1083.35	11553
1083.3	11455
1083.25	11539
1083.2	11556
1083.15	11370
1083.1	11601
1083.05	11626
1083	11749
1082.95	11487
1082.9	11444
1082.85	11447
1082.8	11603
1082.75	11482
1082.7	11552
1082.65	11655
1082.6	11494
1082.55	11602
1082.5	11452
1082.45	11509
1082.4	11557
1082.35	11493
1082.3	11398
1082.25	11554
1082.2	11641
1082.15	11490
1082.1	11563
1082.05	11561
1082	11503
1081.95	11512
1081.9	11323
1081.85	11456
1081.8	11603
1081.75	11406
1081.7	11723
1081.65	11479
1081.6	11502
1081.55	11558
1081.5	11501
1081.45	11429
1081.4	11428
1081.35	11401
1081.3	11517
1081.25	11574
1081.2	11192
1081.15	11412
1081.1	11446
1081.05	11520
1081	11680
1080.95	11453
1080.9	11419
1080.85	11287
1080.8	11266
1080.75	11310
1080.7	11435
1080.65	11417
1080.6	11392
1080.55	11273
1080.5	11430
1080.45	11250
1080.4	11429
1080.35	11329
1080.3	11264
1080.25	11235
1080.2	11391
1080.15	11357
1080.1	11374
1080.05	11327
1080	11273
1079.95	11504
1079.9	11426
1079.85	11357
1079.8	11269
1079.75	11390
1079.7	11095
1079.65	11532
1079.6	11290
1079.55	11317
1079.5	11469
1079.45	11433
1079.4	11293
1079.35	11267
1079.3	11493
1079.25	11330
1079.2	11389
1079.15	11567
1079.1	11157
1079.05	11216
1079	11356
1078.95	11272
1078.9	11330
1078.85	11425
1078.8	11369
1078.75	11314
1078.7	11186
1078.65	11159
1078.6	11277
1078.55	11445
1078.5	11287
1078.45	11251
1078.4	11171
1078.35	11237
1078.3	11192
1078.25	11280
1078.2	11267
1078.15	11252
1078.1	11097
1078.05	11315
1078	11219
1077.95	11155
1077.9	11363
1077.85	11192
1077.8	11110
1077.75	11260
1077.7	11134
1077.65	11229
1077.6	11166
1077.55	11392
1077.5	11248
1077.45	11332
1077.4	11329
1077.35	11421
1077.3	11226
1077.25	11384
1077.2	11371
1077.15	11373
1077.1	11258
1077.05	11378
1077	11137
1076.95	11488
1076.9	11297
1076.85	11344
1076.8	11508
1076.75	11326
1076.7	11532
1076.65	11396
1076.6	11582
1076.55	11303
1076.5	11590
1076.45	11266
1076.4	11467
1076.35	11477
1076.3	11440
1076.25	11634
1076.2	11488
1076.15	11574
1076.1	11464
1076.05	11603
1076	11771
1075.95	11811
1075.9	11715
1075.85	11831
1075.8	11770
1075.75	12009
1075.7	11911
1075.65	12046
1075.6	11964
1075.55	11856
1075.5	12118
1075.45	11985
1075.4	12003
1075.35	12176
1075.3	12071
1075.25	12129
1075.2	12157
1075.15	12314
1075.1	12250
1075.05	12072
1075	12115
1074.95	12075
1074.9	12160
1074.85	12040
1074.8	12221
1074.75	12160
1074.7	11964
1074.65	12179
1074.6	12094
1074.55	11943
1074.5	11888
1074.45	11741
1074.4	11976
1074.35	11943
1074.3	11767
1074.25	11882
1074.2	11725
1074.15	11880
1074.1	11563
1074.05	11620
1074	11750
1073.95	11533
1073.9	11467
1073.85	11637
1073.8	11198
1073.75	11407
1073.7	11537
1073.65	11418
1073.6	11638
1073.55	11449
1073.5	11284
1073.45	11209
1073.4	11442
1073.35	11591
1073.3	11291
1073.25	11239
1073.2	11272
1073.15	11224
1073.1	11173
1073.05	11099
1073	11138
1072.95	11122
1072.9	11183
1072.85	11235
1072.8	11450
1072.75	11121
1072.7	11085
1072.65	11334
1072.6	11239
1072.55	11157
1072.5	11073
1072.45	11089
1072.4	11005
1072.35	11248
1072.3	10842
1072.25	11065
1072.2	11138
1072.15	10949
1072.1	11124
1072.05	10984
1072	10982
1071.95	10756
1071.9	11108
1071.85	10975
1071.8	11108
1071.75	10926
1071.7	10997
1071.65	10923
1071.6	11020
1071.55	11122
1071.5	10985
1071.45	11010
1071.4	11030
1071.35	11130
1071.3	10966
1071.25	10994
1071.2	11063
1071.15	11032
1071.1	10912
1071.05	10944
1071	11151
1070.95	10940
1070.9	10857
1070.85	10970
1070.8	10941
1070.75	10872
1070.7	10928
1070.65	10947
1070.6	10990
1070.55	10803
1070.5	10913
1070.45	10977
1070.4	10892
1070.35	10799
1070.3	10920
1070.25	10983
1070.2	10768
1070.15	10902
1070.1	10982
1070.05	10941
1070	10926
1069.95	10776
1069.9	11025
1069.85	10734
1069.8	11039
1069.75	10823
1069.7	10825
1069.65	10888
1069.6	11005
1069.55	10791
1069.5	10867
1069.45	10861
1069.4	10776
1069.35	10794
1069.3	10821
1069.25	10771
1069.2	11048
1069.15	10960
1069.1	10897
1069.05	10839
1069	10629
1068.95	10853
1068.9	10813
1068.85	10812
1068.8	10844
1068.75	10768
1068.7	10919
1068.65	10869
1068.6	10730
1068.55	10965
1068.5	10715
1068.45	10791
1068.4	10721
1068.35	10892
1068.3	10931
1068.25	10745
1068.2	10873
1068.15	10780
1068.1	10766
1068.05	10751
1068	10695
1067.95	10835
1067.9	10867
1067.85	10724
1067.8	10595
1067.75	10810
1067.7	10636
1067.65	10592
1067.6	10992
1067.55	10977
1067.5	10635
1067.45	10594
1067.4	10794
1067.35	10863
1067.3	10721
1067.25	10566
1067.2	10809
1067.15	10771
1067.1	10835
1067.05	10800
1067	10791
1066.95	10881
1066.9	10872
1066.85	10747
1066.8	10709
1066.75	10685
1066.7	10716
1066.65	10710
1066.6	10666
1066.55	10977
1066.5	10799
1066.45	10533
1066.4	10744
1066.35	10543
1066.3	10984
1066.25	10869
1066.2	10669
1066.15	10736
1066.1	10751
1066.05	10636
1066	10750

Element O 1s; Region 3 of 6; Depth Cycle 1 of 1; Time Per Step 50; Sweeps 8; Anode Mg; Photon Energy 1253.6; XPS;
550	1652
549.95	1704
549.9	1751
549.85	1649
549.8	1705
549.75	1660
549.7	1680
549.65	1651
549.6	1598
549.55	1539
549.5	1610
549.45	1662
549.4	1577
549.35	1625
549.3	1599
549.25	1608
549.2	1651
549.15	1598
549.1	1704
549.05	1642
549	1683
548.95	1625
548.9	1699
548.85	1637
548.8	1663
548.75	1662
548.7	1650
548.65	1591
548.6	1634
548.55	1628
548.5	1686
548.45	1657
548.4	1593
548.35	1704
548.3	1650
548.25	1602
548.2	1686
548.15	1604
548.1	1609
548.05	1606
548	1561
547.95	1611
547.9	1682
547.85	1678
547.8	1587
547.75	1625
547.7	1549
547.65	1613
547.6	1655
547.55	1663
547.5	1569
547.45	1621
547.4	1615
547.35	1678
547.3	1555
547.25	1551
547.2	1550
547.15	1590
547.1	1607
547.05	1561
547	1641
546.95	1592
546.9	1589
546.85	1576
546.8	1615
546.75	1555
546.7	1632
546.65	1559
546.6	1575
546.55	1593
546.5	1588
546.45	1547
546.4	1656
546.35	1622
546.3	1553
546.25	1553
546.2	1596
546.15	1543
546.1	1560
546.05	1528
546	1615
545.95	1643
545.9	1528
545.85	1610
545.8	1606
545.75	1635
545.7	1515
545.65	1565
545.6	1662
545.55	1586
545.5	1642
545.45	1590
545.4	1545
545.35	1572
545.3	1578
545.25	1552
545.2	1554
545.15	1675
545.1	1590
545.05	1581
545	1554
544.95	1614
544.9	1497
544.85	1536
544.8	1538
544.75	1601
544.7	1512
544.65	1548
544.6	1553
544.55	1540
544.5	1551
544.45	1551
544.4	1601
544.35	1577
544.3	1504
544.25	1529
544.2	1543
544.15	1546
544.1	1484
544.05	1523
544	1508
543.95	1469
543.9	1559
543.85	1506
543.8	1521
543.75	1611
543.7	1549
543.65	1517
543.6	1524
543.55	1570
543.5	1596
543.45	1489
543.4	1570
543.35	1518
543.3	1532
543.25	1520
543.2	1529
543.15	1505
543.1	1501
543.05	1509
543	1523
542.95	1512
542.9	1519
542.85	1463
542.8	1476
542.75	1541
542.7	1545
542.65	1490
542.6	1510
542.55	1485
542.5	1514
542.45	1504
542.4	1485
542.35	1513
542.3	1501
542.25	1502
542.2	1473
542.15	1441
542.1	1550
542.05	1500
542	1455
541.95	1501
541.9	1434
541.85	1504
541.8	1532
541.75	1554
541.7	1463
541.65	1473
541.6	1478
541.55	1463
541.5	1556
541.45	1495
541.4	1516
541.35	1485
541.3	1536
541.25	1508
541.2	1528
541.15	1470
541.1	1419
541.05	1509
541	1494
540.95	1494
540.9	1461
540.85	1450
540.8	1494
540.75	1411
540.7	1499
540.65	1468
540.6	1502
540.55	1492
540.5	1417
540.45	1524
540.4	1479
540.35	1482
540.3	1473
540.25	1391
540.2	1468
540.15	1428
540.1	1485
540.05	1473
540	1467
539.95	1409
539.9	1436
539.85	1486
539.8	1454
539.75	1459
539.7	1450
539.65	1439
539.6	1529
539.55	1403
539.5	1466
539.45	1476
539.4	1399
539.35	1380
539.3	1367
539.25	1488
539.2	1439
539.15	1389
539.1	1522
539.05	1420
539	1490
538.95	1443
538.9	1473
538.85	1399
538.8	1350
538.75	1451
538.7	1426
538.65	1349
538.6	1502
538.55	1454
538.5	1490
538.45	1410
538.4	1399
538.35	1414
538.3	1429
538.25	1428
538.2	1412
538.15	1396
538.1	1476
538.05	1441
538	1481
537.95	1423
537.9	1393
537.85	1432
537.8	1384
537.75	1356
537.7	1408
537.65	1440
537.6	1422
537.55	1351
537.5	1405
537.45	1446
537.4	1403
537.35	1451
537.3	1443
537.25	1454
537.2	1489
537.15	1526
537.1	1509
537.05	1376
537	1455
536.95	1466
536.9	1445
536.85	1453
536.8	1508
536.75	1481
536.7	1439
536.65	1421
536.6	1463
536.55	1458
536.5	1467
536.45	1549
536.4	1550
536.35	1539
536.3	1447
536.25	1524
536.2	1510
536.15	1555
536.1	1537
536.05	1596
536	1520
535.95	1545
535.9	1614
535.85	1603
535.8	1586
535.75	1635
535.7	1656
535.65	1622
535.6	1710
535.55	1607
535.5	1679
535.45	1651
535.4	1692
535.35	1677
535.3	1727
535.25	1704
535.2	1750
535.15	1715
535.1	1746
535.05	1808
535	1774
534.95	1753
534.9	1715
534.85	1757
534.8	1826
534.75	1765
534.7	1810
534.65	1817
534.6	1858
534.55	1879
534.5	1909
534.45	1905
534.4	1918
534.35	1862
534.3	1904
534.25	1952
534.2	1894
534.15	1937
534.1	2011
534.05	2070
534	2067
533.95	2055
533.9	2135
533.85	2139
533.8	2274
533.75	2275
533.7	2293
533.65	2266
533.6	2429
533.55	2382
533.5	2503
533.45	2422
533.4	2449
533.35	2511
533.3	2519
533.25	2530
533.2	2563
533.15	2549
533.1	2516
533.05	2511
533	2469
532.95	2534
532.9	2468
532.85	2398
532.8	2435
532.75	2425
532.7	2360
532.65	2329
532.6	2337
532.55	2167
532.5	2202
532.45	2197
532.4	2122
532.35	2090
532.3	2039
532.25	2008
532.2	2014
532.15	1937
532.1	1963
532.05	1924
532	1862
531.95	1870
531.9	1861
531.85	1865
531.8	1873
531.75	1773
531.7	1766
531.65	1743
531.6	1711
531.55	1760
531.5	1772
531.45	1658
531.4	1658
531.35	1720
531.3	1627
531.25	1622
531.2	1599
531.15	1626
531.1	1556
531.05	1532
531	1692
530.95	1619
530.9	1581
530.85	1597
530.8	1509
530.75	1608
530.7	1490
530.65	1518
530.6	1648
530.55	1526
530.5	1501
530.45	1517
530.4	1487
530.35	1524
530.3	1509
530.25	1431
530.2	1474
530.15	1573
530.1	1526
530.05	1557
530	1520
529.95	1438
529.9	1405
529.85	1477
529.8	1484
529.75	1433
529.7	1393
529.65	1497
529.6	1431
529.55	1480
529.5	1491
529.45	1369
529.4	1509
529.35	1410
529.3	1373
529.25	1436
529.2	1499
529.15	1373
529.1	1412
529.05	1475
529	1362
528.95	1405
528.9	1343
528.85	1397
528.8	1405
528.75	1341
528.7	1422
528.65	1363
528.6	1266
528.55	1317
528.5	1359
528.45	1343
528.4	1383
528.35	1387
528.3	1357
528.25	1344
528.2	1350
528.15	1306
528.1	1345
528.05	1285
528	1358
527.95	1363
527.9	1299
527.85	1367
527.8	1362
527.75	1327
527.7	1404
527.65	1310
527.6	1259
527.55	1278
527.5	1310
527.45	1296
527.4	1334
527.35	1336
527.3	1357
527.25	1324
527.2	1336
527.15	1421
527.1	1373
527.05	1325
527	1343
526.95	1307
526.9	1366
526.85	1312
526.8	1411
526.75	1340
526.7	1339
526.65	1308
526.6	1384
526.55	1400
526.5	1388
526.45	1371
526.4	1359
526.35	1384
526.3	1389
526.25	1368
526.2	1288
526.15	1370
526.1	1366
526.05	1284
526	1392
525.95	1289
525.9	1379
525.85	1295
525.8	1324
525.75	1425
525.7	1440
525.65	1336
525.6	1403
525.55	1370
525.5	1439
525.45	1340
525.4	1371
525.35	1354
525.3	1408
525.25	1430
525.2	1351
525.15	1385
525.1	1446
525.05	1466
525	1428
524.95	1388
524.9	1401
524.85	1396
524.8	1412
524.75	1432
524.7	1359
524.65	1438
524.6	1380
524.55	1437
524.5	1393
524.45	1394
524.4	1410
524.35	1391
524.3	1389
524.25	1464
524.2	1393
524.15	1405
524.1	1402
524.05	1382
524	1352
523.95	1332
523.9	1358
523.85	1385
523.8	1433
523.75	1358
523.7	1406
523.65	1340
523.6	1389
523.55	1404
523.5	1417
523.45	1385
523.4	1400
523.35	1382
523.3	1380
523.25	1360
523.2	1427
523.15	1400
523.1	1331
523.05	1393
523	1379
522.95	1402
522.9	1379
522.85	1370
522.8	1307
522.75	1331
522.7	1389
522.65	1394
522.6	1381
522.55	1410
522.5	1438
522.45	1363
522.4	1351
522.35	1365
522.3	1337
522.25	1327
522.2	1360
522.15	1385
522.1	1366
522.05	1375
522	1341
521.95	1346
521.9	1322
521.85	1326
521.8	1349
521.75	1326
521.7	1352
521.65	1302
521.6	1320
521.55	1372
521.5	1355
521.45	1315
521.4	1358
521.35	1322
521.3	1381
521.25	1267
521.2	1399
521.15	1350
521.1	1306
521.05	1304
521	1336
520.95	1304
520.9	1301
520.85	1305
520.8	1276
520.75	1316
520.7	1314
520.65	1259
520.6	1312
520.55	1271
520.5	1312
520.45	1327
520.4	1290
520.35	1354
520.3	1297
520.25	1245
520.2	1266
520.15	1308
520.1	1268
520.05	1302
520	1284
519.95	1298
519.9	1274
519.85	1213
519.8	1276
519.75	1263
519.7	1276
519.65	1369
519.6	1256
519.55	1292
519.5	1312
519.45	1303
519.4	1269
519.35	1326
519.3	1311
519.25	1290
519.2	1291
519.15	1281
519.1	1358
519.05	1271
519	1279
518.95	1318
518.9	1273
518.85	1277
518.8	1323
518.75	1264
518.7	1316
518.65	1280
518.6	1302
518.55	1357
518.5	1299
518.45	1239
518.4	1362
518.35	1241
518.3	1320
518.25	1318
518.2	1265
518.15	1315
518.1	1291
518.05	1311
518	1288
517.95	1308
517.9	1231
517.85	1265
517.8	1274
517.75	1286
517.7	1367
517.65	1324
517.6	1275
517.55	1285
517.5	1220
517.45	1289
517.4	1257
517.35	1264
517.3	1285
517.25	1302
517.2	1269
517.15	1330
517.1	1323
517.05	1272
517	1259
516.95	1313
516.9	1332
516.85	1331
516.8	1338
516.75	1243
516.7	1248
516.65	1263
516.6	1377
516.55	1343
516.5	1332
516.45	1303
516.4	1353
516.35	1321
516.3	1266
516.25	1299
516.2	1244
516.15	1337
516.1	1267
516.05	1274
516	1334
515.95	1266
515.9	1318
515.85	1289
515.8	1249
515.75	1310
515.7	1283
515.65	1305
515.6	1307
515.55	1283
515.5	1249
515.45	1322
515.4	1258
515.35	1331
515.3	1320
515.25	1271
515.2	1292
515.15	1309
515.1	1256
515.05	1312
515	1269

Element Sr 3d; Region 4 of 6; Depth Cycle 1 of 1; Time Per Step 50; Sweeps 24; Anode Mg; Photon Energy 1253.6; XPS;
160	1558
159.95	1491
159.9	1543
159.85	1500
159.8	1479
159.75	1515
159.7	1412
159.65	1338
159.6	1356
159.55	1399
159.5	1385
159.45	1390
159.4	1360
159.35	1296
159.3	1263
159.25	1283
159.2	1262
159.15	1247
159.1	1185
159.05	1179
159	1284
158.95	1206
158.9	1222
158.85	1191
158.8	1159
158.75	1222
158.7	1183
158.65	1207
158.6	1148
158.55	1161
158.5	1197
158.45	1083
158.4	1121
158.35	1126
158.3	1149
158.25	1179
158.2	1213
158.15	1187
158.1	1152
158.05	1190
158	1188
157.95	1151
157.9	1151
157.85	1117
157.8	1128
157.75	1090
157.7	1127
157.65	1071
157.6	1117
157.55	1031
157.5	1043
157.45	1117
157.4	1129
157.35	1042
157.3	1052
157.25	980
157.2	1045
157.15	1017
157.1	1045
157.05	951
157	930
156.95	946
156.9	954
156.85	920
156.8	971
156.75	942
156.7	898
156.65	948
156.6	904
156.55	913
156.5	863
156.45	958
156.4	887
156.35	878
156.3	923
156.25	894
156.2	883
156.15	915
156.1	857
156.05	846
156	873
155.95	901
155.9	804
155.85	922
155.8	900
155.75	852
155.7	921
155.65	989
155.6	913
155.55	901
155.5	991
155.45	908
155.4	1001
155.35	948
155.3	928
155.25	1028
155.2	1058
155.15	1012
155.1	1102
155.05	1078
155	1010
154.95	1105
154.9	1148
154.85	1144
154.8	1121
154.75	1208
154.7	1138
154.65	1144
154.6	1099
154.55	1131
154.5	1150
154.45	1144
154.4	1140
154.35	1159
154.3	1162
154.25	1150
154.2	1217
154.15	1069
154.1	1127
154.05	1127
154	1183
153.95	1120
153.9	1164
153.85	1095
153.8	1064
153.75	1080
153.7	1064
153.65	1041
153.6	1052
153.55	1060
153.5	1028
153.45	1053
153.4	1015
153.35	969
153.3	1007
153.25	1093
153.2	1028
153.15	1035
153.1	1047
153.05	1065
153	1033
152.95	1042
152.9	1049
152.85	1126
152.8	1029
152.75	1120
152.7	1069
152.65	1088
152.6	996
152.55	1037
152.5	1030
152.45	1022
152.4	995
152.35	1001
152.3	957
152.25	992
152.2	963
152.15	996
152.1	966
152.05	971
152	928
151.95	921
151.9	897
151.85	885
151.8	958
151.75	865
151.7	934
151.65	891
151.6	807
151.55	824
151.5	827
151.45	860
151.4	872
151.35	863
151.3	794
151.25	800
151.2	811
151.15	772
151.1	808
151.05	781
151	751
150.95	774
150.9	710
150.85	829
150.8	736
150.75	739
150.7	771
150.65	747
150.6	764
150.55	679
150.5	772
150.45	725
150.4	779
150.35	778
150.3	727
150.25	732
150.2	764
150.15	729
150.1	733
150.05	765
150	747
149.95	710
149.9	771
149.85	732
149.8	707
149.75	744
149.7	695
149.65	689
149.6	707
149.55	721
149.5	706
149.45	722
149.4	719
149.35	665
149.3	684
149.25	753
149.2	673
149.15	703
149.1	725
149.05	726
149	705
148.95	684
148.9	691
148.85	678
148.8	651
148.75	685
148.7	711
148.65	653
148.6	728
148.55	721
148.5	722
148.45	724
148.4	721
148.35	692
148.3	678
148.25	726
148.2	715
148.15	701
148.1	699
148.05	649
148	707
147.95	698
147.9	722
147.85	688
147.8	641
147.75	663
147.7	717
147.65	673
147.6	708
147.55	725
147.5	696
147.45	670
147.4	744
147.35	706
147.3	706
147.25	718
147.2	694
147.15	729
147.1	692
147.05	710
147	670
146.95	713
146.9	694
146.85	692
146.8	658
146.75	673
146.7	656
146.65	684
146.6	659
146.55	733
146.5	751
146.45	710
146.4	702
146.35	702
146.3	693
146.25	647
146.2	711
146.15	686
146.1	707
146.05	695
146	690
145.95	671
145.9	686
145.85	677
145.8	729
145.75	741
145.7	749
145.65	679
145.6	669
145.55	700
145.5	680
145.45	675
145.4	686
145.35	711
145.3	701
145.25	707
145.2	713
145.15	643
145.1	670
145.05	739
145	752
144.95	703
144.9	637
144.85	680
144.8	694
144.75	660
144.7	683
144.65	671
144.6	681
144.55	662
144.5	663
144.45	654
144.4	684
144.35	673
144.3	743
144.25	702
144.2	712
144.15	668
144.1	722
144.05	665
144	617
143.95	693
143.9	762
143.85	678
143.8	675
143.75	687
143.7	717
143.65	706
143.6	684
143.55	671
143.5	663
143.45	702
143.4	680
143.35	646
143.3	696
143.25	697
143.2	707
143.15	633
143.1	684
143.05	659
143	685
142.95	653
142.9	665
142.85	681
142.8	696
142.75	628
142.7	695
142.65	639
142.6	655
142.55	649
142.5	725
142.45	689
142.4	692
142.35	707
142.3	713
142.25	689
142.2	714
142.15	717
142.1	627
142.05	637
142	657
141.95	673
141.9	682
141.85	699
141.8	669
141.75	677
141.7	689
141.65	679
141.6	676
141.55	676
141.5	677
141.45	619
141.4	643
141.35	696
141.3	675
141.25	672
141.2	676
141.15	646
141.1	702
141.05	680
141	731
140.95	629
140.9	668
140.85	662
140.8	697
140.75	623
140.7	676
140.65	645
140.6	691
140.55	655
140.5	687
140.45	678
140.4	685
140.35	666
140.3	650
140.25	655
140.2	668
140.15	636
140.1	648
140.05	633
140	679
139.95	679
139.9	664
139.85	606
139.8	656
139.75	630
139.7	693
139.65	656
139.6	690
139.55	622
139.5	620
139.45	648
139.4	630
139.35	668
139.3	655
139.25	698
139.2	630
139.15	689
139.1	654
139.05	709
139	661
138.95	678
138.9	653
138.85	706
138.8	660
138.75	688
138.7	673
138.65	656
138.6	705
138.55	639
138.5	626
138.45	638
138.4	659
138.35	686
138.3	667
138.25	718
138.2	641
138.15	679
138.1	665
138.05	628
138	675
137.95	624
137.9	692
137.85	684
137.8	638
137.75	691
137.7	619
137.65	667
137.6	685
137.55	645
137.5	619
137.45	619
137.4	655
137.35	683
137.3	683
137.25	628
137.2	634
137.15	660
137.1	628
137.05	637
137	649
136.95	652
136.9	647
136.85	709
136.8	629
136.75	643
136.7	657
136.65	704
136.6	627
136.55	611
136.5	643
136.45	642
136.4	664
136.35	668
136.3	639
136.25	645
136.2	666
136.15	713
136.1	647
136.05	657
136	651
135.95	670
135.9	619
135.85	651
135.8	661
135.75	646
135.7	692
135.65	655
135.6	664
135.55	654
135.5	664
135.45	665
135.4	621
135.35	673
135.3	660
135.25	683
135.2	658
135.15	677
135.1	665
135.05	668
135	675
134.95	659
134.9	650
134.85	666
134.8	638
134.75	651
134.7	625
134.65	659
134.6	637
134.55	657
134.5	677
134.45	667
134.4	603
134.35	660
134.3	674
134.25	705
134.2	673
134.15	640
134.1	655
134.05	654
134	625
133.95	665
133.9	681
133.85	653
133.8	688
133.75	678
133.7	685
133.65	635
133.6	605
133.55	660
133.5	661
133.45	672
133.4	679
133.35	659
133.3	642
133.25	693
133.2	644
133.15	628
133.1	656
133.05	679
133	664
132.95	676
132.9	682
132.85	614
132.8	621
132.75	657
132.7	600
132.65	635
132.6	670
132.55	689
132.5	646
132.45	671
132.4	695
132.35	604
132.3	651
132.25	670
132.2	601
132.15	633
132.1	651
132.05	658
132	618
131.95	640
131.9	685
131.85	647
131.8	643
131.75	652
131.7	668
131.65	632
131.6	640
131.55	675
131.5	623
131.45	620
131.4	668
131.35	645
131.3	684
131.25	659
131.2	626
131.15	660
131.1	697
131.05	664
131	644
130.95	671
130.9	638
130.85	640
130.8	671
130.75	682
130.7	684
130.65	659
130.6	663
130.55	644
130.5	624
130.45	661
130.4	621
130.35	675
130.3	639
130.25	644
130.2	660
130.15	681
130.1	605
130.05	648
130	643
129.95	666
129.9	652
129.85	679
129.8	635
129.75	661
129.7	618
129.65	666
129.6	660
129.55	635
129.5	650
129.45	615
129.4	601
129.35	617
129.3	609
129.25	637
129.2	693
129.15	638
129.1	639
129.05	623
129	611
128.95	640
128.9	681
128.85	650
128.8	604
128.75	636
128.7	634
128.65	678
128.6	619
128.55	627
128.5	616
128.45	645
128.4	660
128.35	630
128.3	665
128.25	679
128.2	650
128.15	676
128.1	673
128.05	631
128	680
127.95	661
127.9	634
127.85	656
127.8	695
127.75	665
127.7	671
127.65	625
127.6	641
127.55	673
127.5	659
127.45	667
127.4	678
127.35	640
127.3	681
127.25	630
127.2	626
127.15	684
127.1	610
127.05	683
127	682
126.95	642
126.9	660
126.85	681
126.8	662
126.75	652
126.7	637
126.65	658
126.6	640
126.55	696
126.5	616
126.45	681
126.4	704
126.35	635
126.3	660
126.25	688
126.2	572
126.15	671
126.1	620
126.05	659
126	678
125.95	675
125.9	640
125.85	667
125.8	698
125.75	649
125.7	691
125.65	646
125.6	664
125.55	624
125.5	693
125.45	639
125.4	680
125.35	687
125.3	674
125.25	693
125.2	698
125.15	646
125.1	637
125.05	689
125	662

Element Ti 2p; Region 5 of 6; Depth Cycle 1 of 1; Time Per Step 50; Sweeps 16; Anode Mg; Photon Energy 1253.6; XPS;
485	2642
484.95	2564
484.9	2690
484.85	2571
484.8	2578
484.75	2560
484.7	2612
484.65	2615
484.6	2612
484.55	2520
484.5	2565
484.45	2663
484.4	2605
484.35	2669
484.3	2630
484.25	2635
484.2	2610
484.15	2617
484.1	2570
484.05	2504
484	2565
483.95	2583
483.9	2521
483.85	2472
483.8	2551
483.75	2536
483.7	2575
483.65	2616
483.6	2660
483.55	2554
483.5	2566
483.45	2497
483.4	2524
483.35	2634
483.3	2529
483.25	2576
483.2	2474
483.15	2636
483.1	2491
483.05	2490
483	2519
482.95	2484
482.9	2531
482.85	2612
482.8	2460
482.75	2559
482.7	2633
482.65	2627
482.6	2514
482.55	2622
482.5	2594
482.45	2595
482.4	2503
482.35	2551
482.3	2636
482.25	2703
482.2	2570
482.15	2543
482.1	2576
482.05	2594
482	2599
481.95	2582
481.9	2430
481.85	2507
481.8	2598
481.75	2577
481.7	2479
481.65	2589
481.6	2555
481.55	2573
481.5	2662
481.45	2557
481.4	2546
481.35	2611
481.3	2554
481.25	2506
481.2	2655
481.15	2537
481.1	2632
481.05	2511
481	2596
480.95	2527
480.9	2551
480.85	2576
480.8	2669
480.75	2539
480.7	2580
480.65	2642
480.6	2595
480.55	2583
480.5	2614
480.45	2570
480.4	2681
480.35	2581
480.3	2588
480.25	2582
480.2	2644
480.15	2519
480.1	2593
480.05	2517
480	2664
479.95	2649
479.9	2501
479.85	2582
479.8	2666
479.75	2552
479.7	2501
479.65	2592
479.6	2567
479.55	2565
479.5	2486
479.45	2616
479.4	2528
479.35	2519
479.3	2520
479.25	2611
479.2	2576
479.15	2527
479.1	2522
479.05	2556
479	2624
478.95	2538
478.9	2470
478.85	2628
478.8	2468
478.75	2428
478.7	2500
478.65	2498
478.6	2563
478.55	2498
478.5	2615
478.45	2593
478.4	2565
478.35	2548
478.3	2482
478.25	2541
478.2	2520
478.15	2491
478.1	2582
478.05	2478
478	2498
477.95	2454
477.9	2469
477.85	2475
477.8	2533
477.75	2603
477.7	2479
477.65	2467
477.6	2497
477.55	2631
477.5	2471
477.45	2448
477.4	2500
477.35	2434
477.3	2554
477.25	2592
477.2	2452
477.15	2412
477.1	2461
477.05	2400
477	2529
476.95	2613
476.9	2487
476.85	2513
476.8	2560
476.75	2507
476.7	2498
476.65	2573
476.6	2524
476.55	2601
476.5	2552
476.45	2479
476.4	2521
476.35	2560
476.3	2498
476.25	2487
476.2	2533
476.15	2581
476.1	2542
476.05	2545
476	2500
475.95	2481
475.9	2543
475.85	2598
475.8	2573
475.75	2504
475.7	2586
475.65	2485
475.6	2495
475.55	2474
475.5	2502
475.45	2502
475.4	2472
475.35	2665
475.3	2510
475.25	2526
475.2	2519
475.15	2545
475.1	2531
475.05	2577
475	2546
474.95	2523
474.9	2636
474.85	2476
474.8	2515
474.75	2418
474.7	2447
474.65	2568
474.6	2381
474.55	2609
474.5	2480
474.45	2505
474.4	2440
474.35	2500
474.3	2439
474.25	2495
474.2	2524
474.15	2493
474.1	2492
474.05	2504
474	2518
473.95	2510
473.9	2460
473.85	2517
473.8	2413
473.75	2513
473.7	2461
473.65	2460
473.6	2577
473.55	2440
473.5	2518
473.45	2493
473.4	2441
473.35	2431
473.3	2525
473.25	2498
473.2	2527
473.15	2441
473.1	2426
473.05	2427
473	2422
472.95	2448
472.9	2516
472.85	2544
472.8	2487
472.75	2440
472.7	2528
472.65	2504
472.6	2475
472.55	2373
472.5	2438
472.45	2500
472.4	2441
472.35	2526
472.3	2519
472.25	2469
472.2	2453
472.15	2465
472.1	2541
472.05	2418
472	2443
471.95	2428
471.9	2488
471.85	2421
471.8	2420
471.75	2481
471.7	2510
471.65	2471
471.6	2494
471.55	2444
471.5	2539
471.45	2529
471.4	2600
471.35	2566
471.3	2545
471.25	2433
471.2	2455
471.15	2465
471.1	2499
471.05	2579
471	2496
470.95	2562
470.9	2586
470.85	2516
470.8	2585
470.75	2572
470.7	2649
470.65	2638
470.6	2574
470.55	2665
470.5	2509
470.45	2672
470.4	2695
470.35	2750
470.3	2522
470.25	2574
470.2	2686
470.15	2646
470.1	2681
470.05	2723
470	2681
469.95	2536
469.9	2677
469.85	2778
469.8	2703
469.75	2727
469.7	2709
469.65	2782
469.6	2747
469.55	2584
469.5	2751
469.45	2733
469.4	2762
469.35	2737
469.3	2748
469.25	2766
469.2	2684
469.15	2826
469.1	2854
469.05	2733
469	2691
468.95	2760
468.9	2783
468.85	2714
468.8	2730
468.75	2749
468.7	2807
468.65	2800
468.6	2889
468.55	2864
468.5	2853
468.45	2875
468.4	2900
468.35	2774
468.3	2844
468.25	2942
468.2	2973
468.15	2901
468.1	2948
468.05	2983
468	2961
467.95	2945
467.9	2986
467.85	2958
467.8	2891
467.75	2960
467.7	3032
467.65	2904
467.6	2883
467.55	2904
467.5	2988
467.45	3018
467.4	2885
467.35	2867
467.3	2937
467.25	2853
467.2	2875
467.15	2908
467.1	2795
467.05	2892
467	2939
466.95	2816
466.9	2779
466.85	2771
466.8	2787
466.75	2826
466.7	2853
466.65	2827
466.6	2701
466.55	2708
466.5	2672
466.45	2685
466.4	2713
466.35	2560
466.3	2674
466.25	2662
466.2	2751
466.15	2665
466.1	2569
466.05	2569
466	2580
465.95	2599
465.9	2553
465.85	2571
465.8	2421
465.75	2454
465.7	2516
465.65	2534
465.6	2475
465.55	2374
465.5	2404
465.45	2467
465.4	2488
465.35	2362
465.3	2415
465.25	2441
465.2	2464
465.15	2328
465.1	2394
465.05	2291
465	2306
464.95	2389
464.9	2395
464.85	2330
464.8	2299
464.75	2254
464.7	2390
464.65	2402
464.6	2326
464.55	2373
464.5	2256
464.45	2317
464.4	2299
464.35	2291
464.3	2367
464.25	2360
464.2	2371
464.15	2296
464.1	2270
464.05	2355
464	2293
463.95	2316
463.9	2254
463.85	2293
463.8	2328
463.75	2250
463.7	2379
463.65	2282
463.6	2179
463.55	2324
463.5	2289
463.45	2346
463.4	2353
463.35	2371
463.3	2366
463.25	2357
463.2	2393
463.15	2352
463.1	2359
463.05	2527
463	2469
462.95	2426
462.9	2441
462.85	2474
462.8	2429
462.75	2510
462.7	2585
462.65	2591
462.6	2662
462.55	2658
462.5	2656
462.45	2815
462.4	2852
462.35	2885
462.3	2869
462.25	3070
462.2	3027
462.15	3020
462.1	3174
462.05	3174
462	3244
461.95	3249
461.9	3307
461.85	3394
461.8	3257
461.75	3377
461.7	3339
461.65	3500
461.6	3336
461.55	3381
461.5	3359
461.45	3318
461.4	3338
461.35	3275
461.3	3289
461.25	3229
461.2	3082
461.15	3032
461.1	3017
461.05	2994
461	2959
460.95	2877
460.9	2778
460.85	2789
460.8	2661
460.75	2768
460.7	2682
460.65	2575
460.6	2519
460.55	2495
460.5	2519
460.45	2479
460.4	2418
460.35	2409
460.3	2336
460.25	2390
460.2	2389
460.15	2397
460.1	2284
460.05	2350
460	2287
459.95	2382
459.9	2295
459.85	2260
459.8	2283
459.75	2204
459.7	2227
459.65	2237
459.6	2183
459.55	2126
459.5	2197
459.45	2100
459.4	2097
459.35	2180
459.3	2185
459.25	2196
459.2	2108
459.15	2229
459.1	2255
459.05	2127
459	2140
458.95	2043
458.9	2049
458.85	2048
458.8	2156
458.75	2103
458.7	2097
458.65	2165
458.6	2077
458.55	2115
458.5	2145
458.45	2085
458.4	2078
458.35	2113
458.3	1970
458.25	2014
458.2	2070
458.15	2158
458.1	2103
458.05	2126
458	2011
457.95	2079
457.9	2057
457.85	2005
457.8	2091
457.75	2008
457.7	2067
457.65	2046
457.6	2005
457.55	2025
457.5	1938
457.45	2068
457.4	2059
457.35	2031
457.3	1979
457.25	2080
457.2	2035
457.15	2000
457.1	1891
457.05	2012
457	2044
456.95	1993
456.9	2006
456.85	1989
456.8	2003
456.75	1972
456.7	2009
456.65	1863
456.6	1969
456.55	1935
456.5	2012
456.45	1943
456.4	2013
456.35	1947
456.3	1938
456.25	1974
456.2	1904
456.15	1959
456.1	1937
456.05	1999
456	1834
455.95	1955
455.9	1901
455.85	1992
455.8	1975
455.75	1960
455.7	1978
455.65	1976
455.6	1897
455.55	1941
455.5	1972
455.45	1964
455.4	1996
455.35	2014
455.3	1903
455.25	1912
455.2	1950
455.15	1893
455.1	1927
455.05	1881
455	1971
454.95	1959
454.9	1956
454.85	1866
454.8	1908
454.75	1966
454.7	1915
454.65	1858
454.6	1974
454.55	2029
454.5	1878
454.45	1972
454.4	1976
454.35	2052
454.3	1910
454.25	1975
454.2	1958
454.15	2009
454.1	1964
454.05	1904
454	1820
453.95	1910
453.9	1922
453.85	1886
453.8	1999
453.75	2023
453.7	1990
453.65	1938
453.6	1953
453.55	2061
453.5	1985
453.45	2003
453.4	1908
453.35	1979
453.3	2062
453.25	1916
453.2	2025
453.15	2065
453.1	1894
453.05	2030
453	1994
452.95	1973
452.9	1971
452.85	1878
452.8	2052
452.75	1959
452.7	1962
452.65	2026
452.6	1974
452.55	1965
452.5	1967
452.45	2021
452.4	1969
452.35	1971
452.3	1992
452.25	1934
452.2	1958
452.15	1976
452.1	1895
452.05	1888
452	1983
451.95	1990
451.9	1937
451.85	1928
451.8	1922
451.75	1894
451.7	1974
451.65	1963
451.6	1949
451.55	1945
451.5	1922
451.45	1975
451.4	2027
451.35	1974
451.3	1965
451.25	1905
451.2	1926
451.15	1920
451.1	2017
451.05	1896
451	1879
450.95	1898
450.9	1973
450.85	2000
450.8	1872
450.75	1884
450.7	1940
450.65	1847
450.6	1953
450.55	1967
450.5	1938
450.45	1967
450.4	1949
450.35	1851
450.3	1949
450.25	1908
450.2	1879
450.15	1968
450.1	1926
450.05	1941
450	1916

Element C 1s; Region 6 of 6; Depth Cycle 1 of 1; Time Per Step 50; Sweeps 16; Anode Mg; Photon Energy 1253.6; XPS;
300	1491
299.95	1465
299.9	1480
299.85	1401
299.8	1480
299.75	1454
299.7	1472
299.65	1483
299.6	1489
299.55	1447
299.5	1421
299.45	1452
299.4	1430
299.35	1455
299.3	1391
299.25	1474
299.2	1416
299.15	1444
299.1	1417
299.05	1453
299	1450
298.95	1535
298.9	1461
298.85	1458
298.8	1382
298.75	1430
298.7	1417
298.65	1430
298.6	1490
298.55	1407
298.5	1485
298.45	1424
298.4	1406
298.35	1428
298.3	1437
298.25	1441
298.2	1467
298.15	1420
298.1	1433
298.05	1487
298	1443
297.95	1495
297.9	1404
297.85	1436
297.8	1487
297.75	1364
297.7	1463
297.65	1461
297.6	1424
297.55	1477
297.5	1512
297.45	1466
297.4	1405
297.35	1500
297.3	1405
297.25	1436
297.2	1420
297.15	1418
297.1	1438
297.05	1548
297	1382
296.95	1405
296.9	1366
296.85	1426
296.8	1416
296.75	1428
296.7	1426
296.65	1393
296.6	1464
296.55	1408
296.5	1477
296.45	1454
296.4	1384
296.35	1372
296.3	1463
296.25	1457
296.2	1488
296.15	1424
296.1	1461
296.05	1395
296	1488
295.95	1472
295.9	1397
295.85	1472
295.8	1390
295.75	1431
295.7	1451
295.65	1355
295.6	1461
295.55	1384
295.5	1458
295.45	1425
295.4	1439
295.35	1415
295.3	1375
295.25	1434
295.2	1427
295.15	1461
295.1	1394
295.05	1452
295	1402
294.95	1449
294.9	1532
294.85	1485
294.8	1457
294.75	1491
294.7	1460
294.65	1468
294.6	1516
294.55	1374
294.5	1527
294.45	1514
294.4	1467
294.35	1406
294.3	1447
294.25	1428
294.2	1478
294.15	1481
294.1	1376
294.05	1503
294	1497
293.95	1480
293.9	1446
293.85	1491
293.8	1464
293.75	1503
293.7	1535
293.65	1506
293.6	1532
293.55	1540
293.5	1616
293.45	1578
293.4	1529
293.35	1461
293.3	1565
293.25	1496
293.2	1508
293.15	1532
293.1	1498
293.05	1540
293	1562
292.95	1549
292.9	1573
292.85	1528
292.8	1543
292.75	1546
292.7	1621
292.65	1517
292.6	1600
292.55	1576
292.5	1501
292.45	1540
292.4	1548
292.35	1524
292.3	1550
292.25	1582
292.2	1577
292.15	1568
292.1	1553
292.05	1544
292	1551
291.95	1553
291.9	1555
291.85	1538
291.8	1560
291.75	1499
291.7	1521
291.65	1542
291.6	1547
291.55	1568
291.5	1507
291.45	1544
291.4	1585
291.35	1560
291.3	1497
291.25	1513
291.2	1545
291.15	1530
291.1	1595
291.05	1533
291	1585
290.95	1548
290.9	1578
290.85	1533
290.8	1552
290.75	1538
290.7	1475
290.65	1564
290.6	1604
290.55	1538
290.5	1540
290.45	1582
290.4	1589
290.35	1638
290.3	1561
290.25	1574
290.2	1635
290.15	1625
290.1	1693
290.05	1667
290	1720
289.95	1701
289.9	1779
289.85	1689
289.8	1701
289.75	1704
289.7	1769
289.65	1858
289.6	1782
289.55	1879
289.5	1941
289.45	1903
289.4	1987
289.35	1953
289.3	2059
289.25	1987
289.2	2149
289.15	2097
289.1	2128
289.05	2072
289	2147
288.95	2130
288.9	2214
288.85	2224
288.8	2201
288.75	2275
288.7	2203
288.65	2243
288.6	2239
288.55	2165
288.5	2067
288.45	2114
288.4	2143
288.35	2047
288.3	2008
288.25	1979
288.2	1945
288.15	1911
288.1	1950
288.05	1829
288	1911
287.95	1778
287.9	1778
287.85	1769
287.8	1729
287.75	1769
287.7	1727
287.65	1668
287.6	1763
287.55	1794
287.5	1668
287.45	1699
287.4	1711
287.35	1651
287.3	1682
287.25	1701
287.2	1683
287.15	1632
287.1	1585
287.05	1629
287	1638
286.95	1717
286.9	1644
286.85	1675
286.8	1651
286.75	1639
286.7	1616
286.65	1657
286.6	1684
286.55	1702
286.5	1680
286.45	1658
286.4	1697
286.35	1790
286.3	1691
286.25	1724
286.2	1835
286.15	1714
286.1	1748
286.05	1800
286	1819
285.95	1741
285.9	1808
285.85	1844
285.8	1859
285.75	1926
285.7	1873
285.65	1942
285.6	1991
285.55	1917
285.5	1932
285.45	1901
285.4	2000
285.35	2059
285.3	2004
285.25	2011
285.2	1924
285.15	1935
285.1	1973
285.05	1914
285	1999
284.95	1906
284.9	1884
284.85	1950
284.8	1952
284.75	1840
284.7	1829
284.65	1930
284.6	1822
284.55	1832
284.5	1791
284.45	1709
284.4	1722
284.35	1692
284.3	1706
284.25	1601
284.2	1645
284.15	1561
284.1	1564
284.05	1591
284	1558
283.95	1580
283.9	1465
283.85	1562
283.8	1500
283.75	1402
283.7	1525
283.65	1467
283.6	1489
283.55	1416
283.5	1427
283.45	1457
283.4	1394
283.35	1383
283.3	1411
283.25	1443
283.2	1494
283.15	1422
283.1	1421
283.05	1417
283	1404
282.95	1461
282.9	1334
282.85	1386
282.8	1368
282.75	1404
282.7	1386
282.65	1348
282.6	1395
282.55	1327
282.5	1357
282.45	1347
282.4	1343
282.35	1369
282.3	1362
282.25	1302
282.2	1325
282.15	1312
282.1	1369
282.05	1367
282	1377
281.95	1362
281.9	1312
281.85	1307
281.8	1350
281.75	1456
281.7	1332
281.65	1361
281.6	1339
281.55	1359
281.5	1342
281.45	1328
281.4	1340
281.35	1433
281.3	1313
281.25	1324
281.2	1383
281.15	1359
281.1	1369
281.05	1382
281	1378
280.95	1380
280.9	1411
280.85	1372
280.8	1427
280.75	1401
280.7	1376
280.65	1356
280.6	1423
280.55	1381
280.5	1412
280.45	1378
280.4	1379
280.35	1399
280.3	1383
280.25	1423
280.2	1412
280.15	1363
280.1	1336
280.05	1347
280	1436
279.95	1384
279.9	1409
279.85	1339
279.8	1383
279.75	1371
279.7	1351
279.65	1374
279.6	1337
279.55	1402
279.5	1397
279.45	1401
279.4	1360
279.35	1371
279.3	1427
279.25	1435
279.2	1302
279.15	1411
279.1	1375
279.05	1322
279	1343
278.95	1386
278.9	1387
278.85	1361
278.8	1459
278.75	1362
278.7	1400
278.65	1430
278.6	1382
278.55	1406
278.5	1384
278.45	1410
278.4	1360
278.35	1372
278.3	1319
278.25	1391
278.2	1320
278.15	1371
278.1	1420
278.05	1327
278	1410
277.95	1317
277.9	1325
277.85	1364
277.8	1386
277.75	1410
277.7	1395
277.65	1417
277.6	1327
277.55	1371
277.5	1449
277.45	1401
277.4	1311
277.35	1368
277.3	1356
277.25	1361
277.2	1304
277.15	1390
277.1	1359
277.05	1403
277	1436
276.95	1397
276.9	1432
276.85	1381
276.8	1378
276.75	1400
276.7	1331
276.65	1404
276.6	1363
276.55	1365
276.5	1313
276.45	1393
276.4	1318
276.35	1355
276.3	1330
276.25	1320
276.2	1384
276.15	1410
276.1	1332
276.05	1305
276	1383
275.95	1433
275.9	1285
275.85	1388
275.8	1371
275.75	1326
275.7	1365
275.65	1402
275.6	1322
275.55	1345
275.5	1339
275.45	1368
275.4	1391
275.35	1326
275.3	1378
275.25	1353
275.2	1307
275.15	1315
275.1	1330
275.05	1310
275	1393

