Element ; Region 1 of 1; Depth Cycle 1 of 1; Time Per Step 50; Sweeps 5; Anode Mg; Photon Energy 1253.6; XPS;
1100	23822
1099.5	26346
1099	25843
1098.5	25949
1098	26025
1097.5	25917
1097	25800
1096.5	25702
1096	25619
1095.5	25800
1095	25603
1094.5	25644
1094	25332
1093.5	25509
1093	25227
1092.5	25560
1092	25338
1091.5	25162
1091	25079
1090.5	25141
1090	24906
1089.5	24823
1089	24760
1088.5	24754
1088	24695
1087.5	24479
1087	24632
1086.5	24343
1086	24543
1085.5	24563
1085	24445
1084.5	24363
1084	24140
1083.5	24212
1083	23790
1082.5	23787
1082	24246
1081.5	23998
1081	23749
1080.5	23661
1080	23853
1079.5	23686
1079	23473
1078.5	23528
1078	23343
1077.5	23382
1077	23338
1076.5	23350
1076	23700
1075.5	23633
1075	23967
1074.5	24153
1074	24162
1073.5	23618
1073	23375
1072.5	23166
1072	23039
1071.5	22889
1071	22877
1070.5	22927
1070	22569
1069.5	22488
1069	22332
1068.5	22359
1068	22346
1067.5	22333
1067	22670
1066.5	22342
1066	22352
1065.5	22318
1065	22260
1064.5	22175
1064	22164
1063.5	22134
1063	21916
1062.5	21891
1062	21966
1061.5	22093
1061	21729
1060.5	21620
1060	21704
1059.5	22090
1059	21393
1058.5	21590
1058	21424
1057.5	21825
1057	21824
1056.5	21562
1056	21309
1055.5	21445
1055	21511
1054.5	21247
1054	21333
1053.5	21146
1053	21381
1052.5	21274
1052	21242
1051.5	21115
1051	21116
1050.5	21322
1050	21060
1049.5	21023
1049	21155
1048.5	20814
1048	20578
1047.5	20756
1047	20827
1046.5	20655
1046	20372
1045.5	20638
1045	20431
1044.5	20450
1044	20451
1043.5	20167
1043	20632
1042.5	20436
1042	20469
1041.5	20447
1041	20279
1040.5	20484
1040	20219
1039.5	20348
1039	20372
1038.5	20103
1038	20309
1037.5	20602
1037	20226
1036.5	19985
1036	19923
1035.5	20165
1035	20022
1034.5	20153
1034	20189
1033.5	19718
1033	20149
1032.5	19980
1032	20002
1031.5	20010
1031	19903
1030.5	19952
1030	19804
1029.5	19932
1029	19840
1028.5	19705
1028	19903
1027.5	19703
1027	19834
1026.5	19627
1026	19613
1025.5	19719
1025	19567
1024.5	19774
1024	19526
1023.5	19641
1023	19831
1022.5	19635
1022	19739
1021.5	19547
1021	19464
1020.5	19391
1020	19795
1019.5	19458
1019	19415
1018.5	19428
1018	19573
1017.5	19479
1017	19575
1016.5	19627
1016	19474
1015.5	19632
1015	19644
1014.5	19758
1014	19619
1013.5	19795
1013	19645
1012.5	19661
1012	19463
1011.5	19445
1011	19294
1010.5	19560
1010	19340
1009.5	19402
1009	19467
1008.5	19285
1008	19103
1007.5	19063
1007	19072
1006.5	19377
1006	19314
1005.5	18871
1005	18954
1004.5	18949
1004	18827
1003.5	18802
1003	18993
1002.5	19149
1002	19121
1001.5	18766
1001	19191
1000.5	18916
1000	19307
999.5	19038
999	19300
998.5	19465
998	19342
997.5	19087
997	19261
996.5	19401
996	19321
995.5	19257
995	19225
994.5	19189
994	19104
993.5	19145
993	19103
992.5	19095
992	18990
991.5	18865
991	18977
990.5	18414
990	18109
989.5	18171
989	17878
988.5	17746
988	17804
987.5	17433
987	17295
986.5	17479
986	17362
985.5	16899
985	16577
984.5	16619
984	16683
983.5	16701
983	16392
982.5	16443
982	16391
981.5	16331
981	16345
980.5	16074
980	16356
979.5	16533
979	15906
978.5	15874
978	15925
977.5	16172
977	15964
976.5	15964
976	15930
975.5	15776
975	15782
974.5	15659
974	15855
973.5	16164
973	15880
972.5	15770
972	15917
971.5	15913
971	15622
970.5	15585
970	15721
969.5	15688
969	15757
968.5	15909
968	15612
967.5	15799
967	15844
966.5	15423
966	15653
965.5	15488
965	15579
964.5	15604
964	15671
963.5	15764
963	15557
962.5	15736
962	15671
961.5	15552
961	15585
960.5	15325
960	15288
959.5	15471
959	15517
958.5	15372
958	15048
957.5	15284
957	15383
956.5	15464
956	15560
955.5	15261
955	15204
954.5	15187
954	15114
953.5	15712
953	15269
952.5	15242
952	15201
951.5	15436
951	15240
950.5	15280
950	15175
949.5	15229
949	15234
948.5	15410
948	15304
947.5	15377
947	15195
946.5	15613
946	15283
945.5	15131
945	15134
944.5	15183
944	15303
943.5	15393
943	15162
942.5	15069
942	15165
941.5	15188
941	15306
940.5	15212
940	15021
939.5	15282
939	15092
938.5	15154
938	15245
937.5	15173
937	14945
936.5	14844
936	15028
935.5	14979
935	15084
934.5	14982
934	14995
933.5	15023
933	15048
932.5	14955
932	14607
931.5	14560
931	14689
930.5	14610
930	14438
929.5	14544
929	14542
928.5	14493
928	14644
927.5	14335
927	14424
926.5	14453
926	14643
925.5	14604
925	14655
924.5	14777
924	14580
923.5	14357
923	14583
922.5	14696
922	14548
921.5	14381
921	14688
920.5	14389
920	14675
919.5	14422
919	14256
918.5	14536
918	14593
917.5	14493
917	14462
916.5	14446
916	14441
915.5	14490
915	14380
914.5	14387
914	14227
913.5	14244
913	14443
912.5	14469
912	14331
911.5	14248
911	14347
910.5	14582
910	14232
909.5	14396
909	14371
908.5	14340
908	14362
907.5	14238
907	14157
906.5	14397
906	14101
905.5	14264
905	14373
904.5	14345
904	14205
903.5	14353
903	14112
902.5	14023
902	14142
901.5	14114
901	14047
900.5	14172
900	14081
899.5	13967
899	14020
898.5	14179
898	13982
897.5	13897
897	14030
896.5	14064
896	14007
895.5	13951
895	13863
894.5	14057
894	13948
893.5	14048
893	14066
892.5	13931
892	14131
891.5	13719
891	13804
890.5	13851
890	13715
889.5	13898
889	13870
888.5	13560
888	13743
887.5	13645
887	13569
886.5	13825
886	13694
885.5	13721
885	13737
884.5	13536
884	13692
883.5	13647
883	13614
882.5	13747
882	13632
881.5	13679
881	13352
880.5	13563
880	13861
879.5	13694
879	13679
878.5	13803
878	13705
877.5	13857
877	13914
876.5	13841
876	13479
875.5	13531
875	13785
874.5	13727
874	13372
873.5	13447
873	13218
872.5	13070
872	13083
871.5	13015
871	13132
870.5	13014
870	13239
869.5	13071
869	12947
868.5	12940
868	12653
867.5	13101
867	12793
866.5	12773
866	12444
865.5	12592
865	12552
864.5	12688
864	12655
863.5	12488
863	12705
862.5	12873
862	12467
861.5	12826
861	12389
860.5	12767
860	12722
859.5	12796
859	12552
858.5	12595
858	12838
857.5	12649
857	12566
856.5	12378
856	12382
855.5	12571
855	12568
854.5	12582
854	12435
853.5	12444
853	12744
852.5	12288
852	12566
851.5	12343
851	12475
850.5	12450
850	12260
849.5	12354
849	12471
848.5	12358
848	12293
847.5	12492
847	12378
846.5	12485
846	12516
845.5	12572
845	12412
844.5	12518
844	12683
843.5	12427
843	12564
842.5	12617
842	12590
841.5	12540
841	12523
840.5	12524
840	12481
839.5	12408
839	12417
838.5	12344
838	12493
837.5	12400
837	12331
836.5	12309
836	12229
835.5	12428
835	12358
834.5	12231
834	12259
833.5	12080
833	12371
832.5	12298
832	12266
831.5	12299
831	12003
830.5	12028
830	12052
829.5	12077
829	12217
828.5	12020
828	12117
827.5	12179
827	12234
826.5	12113
826	12286
825.5	12040
825	11803
824.5	11988
824	12213
823.5	12135
823	12054
822.5	12276
822	12233
821.5	12174
821	12245
820.5	11975
820	12034
819.5	12041
819	12188
818.5	12209
818	12044
817.5	12338
817	12156
816.5	12107
816	12084
815.5	11455
815	11636
814.5	11680
814	11734
813.5	11781
813	11862
812.5	11857
812	11889
811.5	11799
811	11730
810.5	11844
810	11786
809.5	11648
809	11740
808.5	11836
808	11848
807.5	11746
807	11672
806.5	11541
806	11466
805.5	11664
805	11700
804.5	11713
804	11660
803.5	11524
803	11616
802.5	11550
802	11586
801.5	11675
801	11598
800.5	11663
800	11428
799.5	11830
799	11902
798.5	11919
798	11798
797.5	11977
797	11767
796.5	11786
796	11671
795.5	11653
795	11549
794.5	11553
794	11493
793.5	11512
793	11424
792.5	11512
792	11543
791.5	11593
791	11475
790.5	11709
790	11533
789.5	11303
789	11462
788.5	11560
788	11525
787.5	11513
787	11413
786.5	11200
786	11143
785.5	11229
785	11158
784.5	11438
784	11451
783.5	11539
783	11561
782.5	11824
782	11599
781.5	11628
781	11322
780.5	11411
780	11362
779.5	11214
779	11287
778.5	11104
778	10920
777.5	11221
777	11154
776.5	11079
776	11108
775.5	11142
775	11323
774.5	11335
774	11135
773.5	11030
773	10998
772.5	11132
772	11227
771.5	11174
771	11037
770.5	11118
770	11022
769.5	11305
769	11178
768.5	11118
768	11114
767.5	11042
767	11228
766.5	11339
766	10980
765.5	11149
765	11278
764.5	11232
764	11212
763.5	11138
763	11252
762.5	11180
762	11064
761.5	10847
761	10906
760.5	11039
760	10952
759.5	10820
759	10800
758.5	10584
758	10728
757.5	10262
757	10056
756.5	10226
756	10157
755.5	10270
755	10293
754.5	10172
754	10174
753.5	10084
753	10024
752.5	10204
752	10016
751.5	9983
751	10009
750.5	10140
750	10114
749.5	10259
749	9976
748.5	10148
748	10544
747.5	10491
747	10673
746.5	10849
746	10820
745.5	10906
745	11164
744.5	11124
744	11275
743.5	11054
743	10873
742.5	10785
742	10750
741.5	10369
741	10162
740.5	10115
740	10091
739.5	9915
739	9708
738.5	9554
738	9654
737.5	9523
737	9336
736.5	9403
736	9295
735.5	9324
735	9038
734.5	8978
734	8824
733.5	8891
733	8840
732.5	8765
732	8737
731.5	8887
731	8922
730.5	8967
730	8880
729.5	8694
729	8895
728.5	8650
728	8566
727.5	8732
727	8642
726.5	8688
726	8779
725.5	8568
725	8854
724.5	8647
724	8716
723.5	8709
723	8844
722.5	8776
722	8710
721.5	8587
721	8609
720.5	8746
720	8680
719.5	8640
719	8687
718.5	8656
718	8567
717.5	8679
717	8452
716.5	8684
716	8546
715.5	8569
715	8829
714.5	8744
714	8637
713.5	8651
713	8609
712.5	8632
712	8447
711.5	8844
711	8563
710.5	8857
710	8413
709.5	8556
709	8615
708.5	8634
708	8478
707.5	8611
707	8447
706.5	8657
706	8587
705.5	8590
705	8542
704.5	8336
704	8591
703.5	8545
703	8593
702.5	8480
702	8538
701.5	8358
701	8455
700.5	8704
700	8643
699.5	8357
699	8174
698.5	8215
698	8181
697.5	8162
697	8184
696.5	8135
696	8318
695.5	8352
695	8392
694.5	7984
694	8254
693.5	8211
693	8189
692.5	8252
692	8201
691.5	8228
691	8340
690.5	8218
690	8149
689.5	8205
689	8143
688.5	8200
688	8195
687.5	8302
687	8169
686.5	8405
686	8380
685.5	8378
685	8237
684.5	8286
684	8097
683.5	8438
683	8509
682.5	8284
682	8323
681.5	8352
681	8470
680.5	8200
680	8127
679.5	8227
679	8276
678.5	8187
678	8219
677.5	8153
677	8070
676.5	7956
676	8050
675.5	8138
675	8058
674.5	8107
674	8046
673.5	8105
673	8110
672.5	8222
672	8238
671.5	8250
671	8146
670.5	7923
670	7886
669.5	7821
669	8033
668.5	7930
668	7883
667.5	7783
667	7858
666.5	7880
666	7780
665.5	7859
665	7802
664.5	7776
664	7831
663.5	7738
663	7729
662.5	7838
662	7804
661.5	7743
661	7892
660.5	7644
660	7832
659.5	7827
659	7837
658.5	7682
658	7705
657.5	7881
657	7732
656.5	7770
656	7791
655.5	7719
655	7707
654.5	7635
654	7629
653.5	7780
653	7670
652.5	7620
652	7549
651.5	7574
651	7647
650.5	7746
650	7765
649.5	7821
649	7546
648.5	7547
648	7633
647.5	7623
647	7516
646.5	7666
646	7567
645.5	7513
645	7672
644.5	7394
644	7570
643.5	7558
643	7708
642.5	7737
642	7512
641.5	7578
641	7397
640.5	7324
640	7235
639.5	7482
639	7334
638.5	7369
638	7231
637.5	7274
637	7426
636.5	7358
636	7426
635.5	7443
635	7287
634.5	7345
634	7411
633.5	7491
633	7369
632.5	7438
632	7342
631.5	7311
631	7347
630.5	7305
630	7259
629.5	7311
629	7228
628.5	7412
628	7362
627.5	7300
627	7594
626.5	7319
626	7438
625.5	7496
625	7279
624.5	7335
624	7354
623.5	7375
623	7322
622.5	7348
622	7231
621.5	7368
621	7331
620.5	7573
620	7273
619.5	7516
619	7395
618.5	7246
618	7312
617.5	7308
617	7292
616.5	7155
616	7375
615.5	7300
615	7267
614.5	7287
614	7280
613.5	7453
613	7305
612.5	7388
612	7411
611.5	7302
611	7372
610.5	7238
610	7332
609.5	7285
609	7397
608.5	7365
608	7388
607.5	7250
607	7353
606.5	7232
606	7431
605.5	7470
605	7208
604.5	7118
604	7167
603.5	7359
603	7246
602.5	7296
602	7315
601.5	7413
601	7377
600.5	7255
600	7161
599.5	7171
599	7171
598.5	7390
598	7331
597.5	7362
597	7379
596.5	7152
596	7356
595.5	7293
595	7241
594.5	7205
594	7308
593.5	7367
593	7281
592.5	7234
592	7186
591.5	7365
591	7231
590.5	7239
590	7273
589.5	7119
589	7155
588.5	7260
588	7153
587.5	7212
587	7292
586.5	7202
586	7393
585.5	7300
585	7336
584.5	7232
584	7298
583.5	7143
583	7118
582.5	6995
582	6986
581.5	7096
581	6918
580.5	6872
580	6923
579.5	7014
579	6970
578.5	6917
578	6991
577.5	7049
577	6893
576.5	7013
576	6813
575.5	7043
575	6822
574.5	6784
574	6817
573.5	7006
573	6946
572.5	6931
572	6813
571.5	6886
571	6883
570.5	6874
570	6834
569.5	7027
569	7042
568.5	7057
568	6919
567.5	7029
567	7022
566.5	6848
566	6991
565.5	6930
565	6930
564.5	6841
564	6938
563.5	6815
563	6823
562.5	6745
562	6832
561.5	6698
561	6760
560.5	6735
560	6833
559.5	6826
559	6678
558.5	6774
558	6711
557.5	6975
557	6861
556.5	6774
556	6819
555.5	6931
555	6767
554.5	6817
554	6668
553.5	6523
553	6652
552.5	6722
552	6597
551.5	6634
551	6654
550.5	6590
550	6486
549.5	6618
549	6470
548.5	6501
548	6613
547.5	6526
547	6417
546.5	6511
546	6352
545.5	6363
545	6409
544.5	6370
544	6189
543.5	6273
543	6177
542.5	6135
542	6130
541.5	6152
541	6053
540.5	5797
540	6020
539.5	5883
539	5742
538.5	5852
538	5867
537.5	5944
537	6072
536.5	6301
536	6314
535.5	6769
535	7013
534.5	7563
534	8102
533.5	8847
533	9586
532.5	9539
532	8870
531.5	7888
531	7008
530.5	6418
530	6255
529.5	6066
529	5665
528.5	5691
528	5571
527.5	5672
527	5767
526.5	5614
526	5677
525.5	5700
525	5637
524.5	5770
524	5784
523.5	5817
523	5723
522.5	5645
522	5547
521.5	5535
521	5431
520.5	5504
520	5290
519.5	5390
519	5347
518.5	5209
518	5366
517.5	5317
517	5225
516.5	5173
516	5249
515.5	5204
515	5307
514.5	5328
514	5174
513.5	5322
513	5301
512.5	5262
512	5280
511.5	5252
511	5275
510.5	5333
510	5291
509.5	5222
509	5316
508.5	5217
508	5276
507.5	5196
507	5297
506.5	5300
506	5313
505.5	5279
505	5180
504.5	5317
504	5218
503.5	5080
503	5223
502.5	5239
502	5195
501.5	5244
501	5207
500.5	5347
500	5202
499.5	5159
499	5270
498.5	5312
498	5165
497.5	5197
497	5243
496.5	5391
496	5181
495.5	5215
495	5367
494.5	5174
494	5174
493.5	5217
493	5172
492.5	5315
492	5344
491.5	5264
491	5297
490.5	5223
490	5219
489.5	5355
489	5191
488.5	5229
488	5306
487.5	5235
487	5287
486.5	5198
486	5333
485.5	5248
485	5285
484.5	5160
484	5171
483.5	5128
483	5048
482.5	5270
482	5324
481.5	5104
481	5156
480.5	5263
480	5179
479.5	5156
479	5220
478.5	5127
478	5231
477.5	5120
477	5131
476.5	5061
476	5059
475.5	5068
475	5148
474.5	5082
474	5062
473.5	5117
473	5164
472.5	5235
472	5023
471.5	5170
471	5227
470.5	5217
470	5281
469.5	5486
469	5513
468.5	5662
468	5594
467.5	5845
467	5829
466.5	5347
466	5191
465.5	5108
465	4867
464.5	4809
464	4844
463.5	4719
463	4727
462.5	4984
462	5431
461.5	5784
461	5729
460.5	5261
460	4948
459.5	4703
459	4569
458.5	4478
458	4303
457.5	4142
457	4093
456.5	4131
456	4063
455.5	4213
455	4114
454.5	3920
454	4041
453.5	4093
453	3986
452.5	4007
452	4041
451.5	4077
451	4076
450.5	4052
450	3955
449.5	4039
449	4062
448.5	4130
448	4252
447.5	4190
447	4404
446.5	4610
446	4685
445.5	4722
445	4785
444.5	4656
444	4574
443.5	4499
443	4350
442.5	4154
442	4185
441.5	3993
441	3936
440.5	3774
440	3654
439.5	3695
439	3708
438.5	3752
438	3675
437.5	3499
437	3580
436.5	3541
436	3642
435.5	3635
435	3578
434.5	3504
434	3504
433.5	3551
433	3540
432.5	3435
432	3453
431.5	3395
431	3412
430.5	3523
430	3451
429.5	3459
429	3366
428.5	3530
428	3481
427.5	3313
427	3442
426.5	3413
426	3446
425.5	3465
425	3443
424.5	3401
424	3361
423.5	3478
423	3443
422.5	3456
422	3368
421.5	3429
421	3339
420.5	3312
420	3388
419.5	3277
419	3382
418.5	3399
418	3243
417.5	3193
417	3381
416.5	3391
416	3398
415.5	3391
415	3470
414.5	3307
414	3284
413.5	3360
413	3216
412.5	3334
412	3334
411.5	3434
411	3283
410.5	3362
410	3359
409.5	3306
409	3304
408.5	3274
408	3247
407.5	3218
407	3293
406.5	3294
406	3140
405.5	3253
405	3243
404.5	3355
404	3257
403.5	3184
403	3281
402.5	3292
402	3155
401.5	3236
401	3258
400.5	3287
400	3331
399.5	3223
399	3332
398.5	3315
398	3263
397.5	3289
397	3176
396.5	3274
396	3399
395.5	3252
395	3322
394.5	3201
394	3243
393.5	3240
393	3325
392.5	3219
392	3280
391.5	3267
391	3344
390.5	3155
390	3278
389.5	3191
389	3297
388.5	3239
388	3191
387.5	3268
387	3342
386.5	3252
386	3252
385.5	3259
385	3263
384.5	3283
384	3338
383.5	3213
383	3245
382.5	3230
382	3257
381.5	3310
381	3211
380.5	3239
380	3272
379.5	3448
379	3439
378.5	3351
378	3363
377.5	3435
377	3361
376.5	3414
376	3440
375.5	3411
375	3463
374.5	3508
374	3352
373.5	3513
373	3407
372.5	3404
372	3432
371.5	3395
371	3446
370.5	3477
370	3560
369.5	3460
369	3472
368.5	3443
368	3560
367.5	3432
367	3434
366.5	3432
366	3437
365.5	3486
365	3440
364.5	3462
364	3450
363.5	3462
363	3475
362.5	3455
362	3466
361.5	3539
361	3568
360.5	3516
360	3541
359.5	3472
359	3497
358.5	3462
358	3499
357.5	3606
357	3516
356.5	3510
356	3515
355.5	3517
355	3519
354.5	3532
354	3469
353.5	3493
353	3517
352.5	3560
352	3603
351.5	3547
351	3551
350.5	3346
350	3402
349.5	3417
349	3419
348.5	3418
348	3476
347.5	3430
347	3376
346.5	3404
346	3440
345.5	3357
345	3438
344.5	3400
344	3363
343.5	3310
343	3470
342.5	3447
342	3327
341.5	3457
341	3464
340.5	3522
340	3397
339.5	3435
339	3461
338.5	3383
338	3469
337.5	3409
337	3449
336.5	3503
336	3440
335.5	3516
335	3525
334.5	3379
334	3429
333.5	3563
333	3519
332.5	3521
332	3496
331.5	3469
331	3492
330.5	3432
330	3354
329.5	3497
329	3557
328.5	3558
328	3501
327.5	3426
327	3528
326.5	3415
326	3560
325.5	3472
325	3510
324.5	3432
324	3325
323.5	3551
323	3615
322.5	3488
322	3477
321.5	3484
321	3401
320.5	3354
320	3431
319.5	3443
319	3473
318.5	3484
318	3387
317.5	3476
317	3342
316.5	3539
316	3471
315.5	3519
315	3486
314.5	3465
314	3351
313.5	3432
313	3478
312.5	3544
312	3491
311.5	3455
311	3475
310.5	3545
310	3465
309.5	3510
309	3408
308.5	3545
308	3583
307.5	3535
307	3679
306.5	3655
306	3726
305.5	3795
305	3927
304.5	3707
304	3740
303.5	3546
303	3689
302.5	3695
302	3432
301.5	3462
301	3391
300.5	3341
300	3294
299.5	3337
299	3243
298.5	3150
298	3190
297.5	3209
297	3134
296.5	3185
296	3155
295.5	3175
295	3121
294.5	3172
294	3177
293.5	3106
293	3291
292.5	3320
292	3136
291.5	3207
291	3286
290.5	3283
290	3504
289.5	3981
289	4607
288.5	4930
288	4767
287.5	4429
287	4422
286.5	4871
286	5185
285.5	5704
285	5095
284.5	4422
284	3595
283.5	3199
283	2975
282.5	2907
282	2982
281.5	2792
281	2843
280.5	3004
280	3025
279.5	3018
279	2874
278.5	2938
278	2952
277.5	3046
277	3042
276.5	2986
276	2958
275.5	2893
275	2878
274.5	2719
274	2770
273.5	2761
273	2697
272.5	2807
272	2693
271.5	2700
271	2709
270.5	2839
270	2858
269.5	2882
269	2914
268.5	2887
268	2825
267.5	3140
267	3157
266.5	3381
266	3601
265.5	3705
265	3751
264.5	3480
264	3251
263.5	2978
263	2835
262.5	2693
262	2563
261.5	2496
261	2543
260.5	2454
260	2409
259.5	2458
259	2400
258.5	2439
258	2498
257.5	2522
257	2443
256.5	2372
256	2500
255.5	2435
255	2454
254.5	2349
254	2460
253.5	2465
253	2423
252.5	2406
252	2463
251.5	2378
251	2485
250.5	2446
250	2415
249.5	2448
249	2488
248.5	2463
248	2484
247.5	2503
247	2368
246.5	2349
246	2466
245.5	2517
245	2553
244.5	2505
244	2521
243.5	2429
243	2412
242.5	2507
242	2541
241.5	2535
241	2525
240.5	2413
240	2457
239.5	2471
239	2410
238.5	2430
238	2499
237.5	2452
237	2455
236.5	2541
236	2484
235.5	2446
235	2425
234.5	2506
234	2438
233.5	2448
233	2365
232.5	2321
232	2412
231.5	2366
231	2391
230.5	2452
230	2393
229.5	2374
229	2382
228.5	2405
228	2399
227.5	2347
227	2407
226.5	2501
226	2384
225.5	2383
225	2408
224.5	2414
224	2375
223.5	2434
223	2430
222.5	2336
222	2423
221.5	2281
221	2336
220.5	2458
220	2267
219.5	2494
219	2419
218.5	2526
218	2389
217.5	2406
217	2421
216.5	2479
216	2451
215.5	2478
215	2387
214.5	2440
214	2367
213.5	2413
213	2445
212.5	2379
212	2349
211.5	2489
211	2423
210.5	2454
210	2482
209.5	2478
209	2423
208.5	2404
208	2391
207.5	2455
207	2453
206.5	2378
206	2338
205.5	2332
205	2381
204.5	2345
204	2371
203.5	2332
203	2335
202.5	2377
202	2293
201.5	2386
201	2345
200.5	2409
200	2325
199.5	2413
199	2381
198.5	2418
198	2284
197.5	2365
197	2443
196.5	2354
196	2396
195.5	2361
195	2385
194.5	2438
194	2384
193.5	2423
193	2466
192.5	2475
192	2549
191.5	2557
191	2524
190.5	2457
190	2546
189.5	2386
189	2562
188.5	2512
188	2481
187.5	2484
187	2423
186.5	2565
186	2508
185.5	2536
185	2488
184.5	2500
184	2417
183.5	2510
183	2458
182.5	2400
182	2484
181.5	2437
181	2442
180.5	2511
180	2444
179.5	2425
179	2347
178.5	2336
178	2341
177.5	2253
177	2267
176.5	2197
176	2183
175.5	2072
175	2072
174.5	2096
174	2038
173.5	2043
173	2028
172.5	2017
172	1988
171.5	1928
171	2012
170.5	2012
170	2079
169.5	2392
169	3004
168.5	4153
168	4941
167.5	5000
167	3998
166.5	3121
166	2696
165.5	2424
165	2190
164.5	2292
164	2703
163.5	3706
163	5404
162.5	5957
162	5274
161.5	3942
161	3002
160.5	2573
160	2356
159.5	1912
159	1738
158.5	1717
158	1527
157.5	1521
157	1406
156.5	1357
156	1299
155.5	1321
155	1407
154.5	1562
154	1542
153.5	1550
153	1463
152.5	1434
152	1380
151.5	1341
151	1193
150.5	1114
150	1016
149.5	1132
149	1070
148.5	1015
148	998
147.5	1044
147	1094
146.5	1019
146	1039
145.5	1066
145	1041
144.5	1077
144	1025
143.5	1077
143	972
142.5	944
142	1069
141.5	1017
141	948
140.5	1012
140	1029
139.5	1015
139	962
138.5	971
138	988
137.5	997
137	975
136.5	937
136	964
135.5	1041
135	1031
134.5	994
134	949
133.5	895
133	993
132.5	956
132	975
131.5	972
131	947
130.5	925
130	958
129.5	992
129	933
128.5	952
128	903
127.5	983
127	950
126.5	939
126	991
125.5	988
125	1035
124.5	943
124	971
123.5	975
123	926
122.5	920
122	1009
121.5	1001
121	965
120.5	1015
120	980
119.5	967
119	1026
118.5	1014
118	928
117.5	900
117	912
116.5	876
116	924
115.5	925
115	974
114.5	962
114	868
113.5	887
113	927
112.5	872
112	887
111.5	875
111	876
110.5	884
110	907
109.5	823
109	867
108.5	876
108	885
107.5	832
107	888
106.5	883
106	882
105.5	883
105	858
104.5	919
104	914
103.5	1021
103	1030
102.5	990
102	948
101.5	994
101	865
100.5	861
100	887
99.5	827
99	897
98.5	840
98	901
97.5	840
97	907
96.5	885
96	927
95.5	997
95	987
94.5	939
94	983
93.5	967
93	912
92.5	968
92	955
91.5	880
91	882
90.5	805
90	887
89.5	839
89	823
88.5	787
88	835
87.5	770
87	792
86.5	816
86	752
85.5	779
85	785
84.5	758
84	772
83.5	740
83	766
82.5	795
82	797
81.5	824
81	782
80.5	756
80	746
79.5	754
79	740
78.5	720
78	749
77.5	777
77	717
76.5	752
76	721
75.5	732
75	757
74.5	737
74	730
73.5	739
73	722
72.5	733
72	689
71.5	753
71	710
70.5	691
70	695
69.5	638
69	682
68.5	727
68	728
67.5	777
67	799
66.5	806
66	813
65.5	832
65	780
64.5	762
64	786
63.5	763
63	718
62.5	718
62	676
61.5	692
61	732
60.5	672
60	716
59.5	702
59	692
58.5	643
58	668
57.5	690
57	702
56.5	712
56	749
55.5	771
55	730
54.5	730
54	713
53.5	643
53	655
52.5	675
52	651
51.5	665
51	612
50.5	658
50	651
49.5	640
49	674
48.5	627
48	644
47.5	632
47	640
46.5	596
46	639
45.5	638
45	639
44.5	620
44	613
43.5	609
43	591
42.5	632
42	686
41.5	711
41	721
40.5	700
40	776
39.5	739
39	654
38.5	612
38	554
37.5	575
37	547
36.5	524
36	456
35.5	525
35	505
34.5	540
34	637
33.5	731
33	782
32.5	876
32	811
31.5	715
31	691
30.5	854
30	1003
29.5	966
29	831
28.5	726
28	672
27.5	578
27	558
26.5	537
26	539
25.5	521
25	556
24.5	511
24	501
23.5	528
23	473
22.5	426
22	442
21.5	445
21	466
20.5	423
20	441
19.5	395
19	412
18.5	406
18	399
17.5	382
17	365
16.5	368
16	375
15.5	382
15	346
14.5	369
14	367
13.5	310
13	349
12.5	329
12	314
11.5	373
11	364
10.5	352
10	357
9.5	363
9	361
8.5	367
8	351
7.5	362
7	323
6.5	370
6	303
5.5	307
5	273
4.5	288
4	271
3.5	287
3	277
2.5	244
2	254
1.5	268
1	238
0.5	281
0	234
