Cycles 10; Regions 6; Anode Mg; Photon Energy 1253.6; XPS;
Bi 4f	C 1s	Na 1s	O 1s	Sr 3d	Ti 2p	
2874	2092	1562	2700	2832	1312	
Element Bi 4f; Region 1 of 6; Depth Cycle 1 of 1; Time Per Step 50; Sweeps 10; Anode Mg; Photon Energy 1253.6; XPS;
180	592
179.95	554
179.9	594
179.85	629
179.8	583
179.75	566
179.7	596
179.65	590
179.6	597
179.55	589
179.5	623
179.45	565
179.4	601
179.35	544
179.3	604
179.25	607
179.2	573
179.15	578
179.1	590
179.05	560
179	589
178.95	545
178.9	546
178.85	558
178.8	530
178.75	567
178.7	550
178.65	582
178.6	571
178.55	556
178.5	611
178.45	555
178.4	550
178.35	584
178.3	575
178.25	550
178.2	560
178.15	631
178.1	592
178.05	607
178	581
177.95	599
177.9	537
177.85	562
177.8	562
177.75	538
177.7	539
177.65	574
177.6	587
177.55	569
177.5	559
177.45	561
177.4	558
177.35	557
177.3	506
177.25	531
177.2	552
177.15	567
177.1	587
177.05	524
177	567
176.95	563
176.9	557
176.85	536
176.8	531
176.75	549
176.7	554
176.65	534
176.6	520
176.55	565
176.5	554
176.45	556
176.4	561
176.35	575
176.3	543
176.25	502
176.2	518
176.15	553
176.1	534
176.05	511
176	514
175.95	501
175.9	558
175.85	524
175.8	538
175.75	552
175.7	544
175.65	533
175.6	546
175.55	510
175.5	583
175.45	519
175.4	530
175.35	498
175.3	513
175.25	560
175.2	553
175.15	541
175.1	535
175.05	502
175	479
174.95	483
174.9	518
174.85	545
174.8	573
174.75	490
174.7	532
174.65	534
174.6	503
174.55	492
174.5	527
174.45	493
174.4	543
174.35	541
174.3	540
174.25	526
174.2	488
174.15	534
174.1	499
174.05	513
174	552
173.95	507
173.9	532
173.85	484
173.8	517
173.75	473
173.7	518
173.65	542
173.6	540
173.55	514
173.5	495
173.45	526
173.4	558
173.35	538
173.3	480
173.25	511
173.2	538
173.15	514
173.1	522
173.05	497
173	514
172.95	493
172.9	502
172.85	476
172.8	514
172.75	493
172.7	532
172.65	485
172.6	525
172.55	535
172.5	507
172.45	524
172.4	486
172.35	483
172.3	489
172.25	508
172.2	477
172.15	444
172.1	483
172.05	511
172	473
171.95	469
171.9	506
171.85	515
171.8	482
171.75	486
171.7	495
171.65	456
171.6	472
171.55	478
171.5	497
171.45	509
171.4	457
171.35	461
171.3	487
171.25	526
171.2	495
171.15	489
171.1	491
171.05	464
171	459
170.95	533
170.9	503
170.85	472
170.8	471
170.75	483
170.7	462
170.65	490
170.6	491
170.55	458
170.5	476
170.45	472
170.4	474
170.35	411
170.3	496
170.25	469
170.2	438
170.15	460
170.1	457
170.05	490
170	492
169.95	498
169.9	482
169.85	492
169.8	513
169.75	469
169.7	468
169.65	469
169.6	467
169.55	502
169.5	471
169.45	512
169.4	514
169.35	548
169.3	553
169.25	530
169.2	536
169.15	585
169.1	560
169.05	638
169	594
168.95	634
168.9	707
168.85	650
168.8	709
168.75	763
168.7	730
168.65	768
168.6	843
168.55	805
168.5	915
168.45	915
168.4	981
168.35	1088
168.3	1077
168.25	1094
168.2	1118
168.15	1210
168.1	1252
168.05	1240
168	1275
167.95	1287
167.9	1373
167.85	1472
167.8	1396
167.75	1362
167.7	1348
167.65	1394
167.6	1380
167.55	1405
167.5	1356
167.45	1260
167.4	1325
167.35	1315
167.3	1254
167.25	1180
167.2	1152
167.15	1175
167.1	1057
167.05	1030
167	1033
166.95	997
166.9	934
166.85	918
166.8	929
166.75	876
166.7	889
166.65	785
166.6	787
166.55	758
166.5	752
166.45	762
166.4	745
166.35	761
166.3	780
166.25	761
166.2	708
166.15	700
166.1	701
166.05	685
166	688
165.95	642
165.9	701
165.85	678
165.8	675
165.75	657
165.7	605
165.65	666
165.6	655
165.55	629
165.5	630
165.45	651
165.4	607
165.35	648
165.3	635
165.25	655
165.2	548
165.15	536
165.1	547
165.05	583
165	592
164.95	594
164.9	521
164.85	545
164.8	525
164.75	527
164.7	456
164.65	516
164.6	446
164.55	515
164.5	482
164.45	509
164.4	461
164.35	489
164.3	477
164.25	481
164.2	494
164.15	531
164.1	516
164.05	503
164	534
163.95	542
163.9	547
163.85	523
163.8	570
163.75	563
163.7	645
163.65	578
163.6	657
163.55	674
163.5	777
163.45	768
163.4	810
163.35	847
163.3	895
163.25	982
163.2	933
163.15	1010
163.1	1079
163.05	1156
163	1287
162.95	1287
162.9	1372
162.85	1374
162.8	1359
162.75	1457
162.7	1585
162.65	1586
162.6	1676
162.55	1622
162.5	1640
162.45	1606
162.4	1572
162.35	1549
162.3	1565
162.25	1581
162.2	1546
162.15	1535
162.1	1429
162.05	1451
162	1403
161.95	1349
161.9	1291
161.85	1313
161.8	1181
161.75	1161
161.7	1145
161.65	1092
161.6	1037
161.55	1065
161.5	1020
161.45	899
161.4	968
161.35	911
161.3	870
161.25	892
161.2	790
161.15	837
161.1	855
161.05	804
161	769
160.95	758
160.9	766
160.85	710
160.8	736
160.75	646
160.7	763
160.65	730
160.6	715
160.55	735
160.5	725
160.45	672
160.4	719
160.35	687
160.3	656
160.25	668
160.2	672
160.15	690
160.1	645
160.05	657
160	677
159.95	663
159.9	643
159.85	611
159.8	589
159.75	658
159.7	567
159.65	554
159.6	584
159.55	580
159.5	523
159.45	553
159.4	527
159.35	445
159.3	490
159.25	502
159.2	496
159.15	506
159.1	483
159.05	504
159	482
158.95	422
158.9	452
158.85	433
158.8	469
158.75	421
158.7	422
158.65	395
158.6	416
158.55	442
158.5	397
158.45	423
158.4	404
158.35	414
158.3	379
158.25	394
158.2	384
158.15	426
158.1	436
158.05	391
158	404
157.95	406
157.9	404
157.85	407
157.8	389
157.75	363
157.7	380
157.65	404
157.6	425
157.55	391
157.5	355
157.45	436
157.4	377
157.35	418
157.3	364
157.25	342
157.2	379
157.15	374
157.1	365
157.05	383
157	374
156.95	387
156.9	362
156.85	360
156.8	340
156.75	368
156.7	342
156.65	343
156.6	328
156.55	330
156.5	336
156.45	353
156.4	351
156.35	310
156.3	356
156.25	310
156.2	299
156.15	341
156.1	321
156.05	300
156	327
155.95	306
155.9	307
155.85	336
155.8	305
155.75	315
155.7	327
155.65	348
155.6	342
155.55	307
155.5	307
155.45	350
155.4	354
155.35	297
155.3	337
155.25	309
155.2	359
155.15	346
155.1	307
155.05	338
155	338
154.95	324
154.9	300
154.85	337
154.8	349
154.75	361
154.7	351
154.65	328
154.6	337
154.55	361
154.5	366
154.45	366
154.4	356
154.35	365
154.3	384
154.25	379
154.2	367
154.15	361
154.1	378
154.05	373
154	353
153.95	379
153.9	401
153.85	355
153.8	388
153.75	350
153.7	347
153.65	343
153.6	354
153.55	336
153.5	360
153.45	392
153.4	330
153.35	392
153.3	377
153.25	358
153.2	379
153.15	357
153.1	328
153.05	330
153	348
152.95	319
152.9	364
152.85	332
152.8	339
152.75	373
152.7	344
152.65	364
152.6	356
152.55	381
152.5	374
152.45	353
152.4	344
152.35	360
152.3	349
152.25	347
152.2	327
152.15	324
152.1	368
152.05	309
152	328
151.95	301
151.9	342
151.85	344
151.8	334
151.75	325
151.7	323
151.65	328
151.6	317
151.55	354
151.5	300
151.45	305
151.4	338
151.35	320
151.3	308
151.25	267
151.2	277
151.15	319
151.1	293
151.05	279
151	297
150.95	291
150.9	279
150.85	273
150.8	303
150.75	319
150.7	294
150.65	319
150.6	281
150.55	302
150.5	284
150.45	308
150.4	289
150.35	239
150.3	260
150.25	281
150.2	280
150.15	278
150.1	277
150.05	285
150	262

Element C 1s; Region 2 of 6; Depth Cycle 1 of 1; Time Per Step 50; Sweeps 10; Anode Mg; Photon Energy 1253.6; XPS;
300	809
299.95	823
299.9	797
299.85	846
299.8	843
299.75	812
299.7	831
299.65	866
299.6	813
299.55	839
299.5	825
299.45	805
299.4	767
299.35	773
299.3	805
299.25	799
299.2	770
299.15	809
299.1	797
299.05	821
299	785
298.95	820
298.9	774
298.85	815
298.8	765
298.75	774
298.7	821
298.65	826
298.6	830
298.55	771
298.5	832
298.45	805
298.4	778
298.35	745
298.3	791
298.25	832
298.2	808
298.15	796
298.1	761
298.05	699
298	761
297.95	797
297.9	762
297.85	801
297.8	763
297.75	804
297.7	809
297.65	801
297.6	864
297.55	819
297.5	809
297.45	782
297.4	813
297.35	788
297.3	754
297.25	736
297.2	820
297.15	765
297.1	799
297.05	797
297	742
296.95	825
296.9	830
296.85	821
296.8	795
296.75	758
296.7	778
296.65	821
296.6	804
296.55	828
296.5	835
296.45	828
296.4	804
296.35	787
296.3	802
296.25	737
296.2	772
296.15	791
296.1	767
296.05	808
296	756
295.95	791
295.9	794
295.85	783
295.8	792
295.75	737
295.7	783
295.65	800
295.6	802
295.55	749
295.5	753
295.45	703
295.4	769
295.35	748
295.3	784
295.25	798
295.2	803
295.15	763
295.1	729
295.05	771
295	749
294.95	789
294.9	735
294.85	769
294.8	791
294.75	767
294.7	809
294.65	786
294.6	749
294.55	770
294.5	781
294.45	804
294.4	777
294.35	776
294.3	752
294.25	776
294.2	785
294.15	777
294.1	793
294.05	784
294	737
293.95	785
293.9	767
293.85	789
293.8	867
293.75	773
293.7	796
293.65	772
293.6	720
293.55	763
293.5	780
293.45	766
293.4	799
293.35	773
293.3	788
293.25	767
293.2	826
293.15	849
293.1	810
293.05	759
293	792
292.95	821
292.9	805
292.85	790
292.8	836
292.75	773
292.7	813
292.65	776
292.6	757
292.55	792
292.5	793
292.45	742
292.4	824
292.35	796
292.3	758
292.25	775
292.2	775
292.15	802
292.1	808
292.05	788
292	777
291.95	770
291.9	786
291.85	820
291.8	792
291.75	801
291.7	799
291.65	800
291.6	812
291.55	819
291.5	842
291.45	831
291.4	816
291.35	821
291.3	787
291.25	801
291.2	816
291.15	788
291.1	783
291.05	836
291	814
290.95	794
290.9	815
290.85	804
290.8	825
290.75	799
290.7	809
290.65	836
290.6	809
290.55	782
290.5	795
290.45	859
290.4	839
290.35	853
290.3	786
290.25	819
290.2	836
290.15	811
290.1	810
290.05	890
290	841
289.95	840
289.9	887
289.85	869
289.8	860
289.75	886
289.7	871
289.65	909
289.6	905
289.55	914
289.5	971
289.45	967
289.4	1037
289.35	1020
289.3	1058
289.25	1037
289.2	1016
289.15	1067
289.1	1079
289.05	1093
289	1091
288.95	1119
288.9	1194
288.85	1216
288.8	1238
288.75	1308
288.7	1351
288.65	1302
288.6	1323
288.55	1345
288.5	1403
288.45	1433
288.4	1361
288.35	1338
288.3	1335
288.25	1324
288.2	1270
288.15	1361
288.1	1338
288.05	1331
288	1290
287.95	1314
287.9	1235
287.85	1335
287.8	1235
287.75	1254
287.7	1187
287.65	1190
287.6	1229
287.55	1227
287.5	1164
287.45	1173
287.4	1197
287.35	1141
287.3	1203
287.25	1201
287.2	1230
287.15	1226
287.1	1189
287.05	1170
287	1183
286.95	1195
286.9	1176
286.85	1220
286.8	1287
286.75	1230
286.7	1239
286.65	1249
286.6	1303
286.55	1286
286.5	1384
286.45	1329
286.4	1399
286.35	1410
286.3	1353
286.25	1347
286.2	1485
286.15	1451
286.1	1505
286.05	1527
286	1490
285.95	1570
285.9	1597
285.85	1551
285.8	1549
285.75	1658
285.7	1554
285.65	1588
285.6	1545
285.55	1558
285.5	1536
285.45	1495
285.4	1471
285.35	1480
285.3	1534
285.25	1409
285.2	1420
285.15	1438
285.1	1299
285.05	1326
285	1291
284.95	1242
284.9	1219
284.85	1163
284.8	1067
284.75	1099
284.7	1076
284.65	984
284.6	981
284.55	947
284.5	966
284.45	931
284.4	880
284.35	864
284.3	839
284.25	857
284.2	862
284.15	883
284.1	846
284.05	833
284	809
283.95	803
283.9	803
283.85	802
283.8	773
283.75	745
283.7	774
283.65	751
283.6	809
283.55	734
283.5	788
283.45	791
283.4	711
283.35	726
283.3	730
283.25	756
283.2	719
283.15	746
283.1	764
283.05	721
283	698
282.95	740
282.9	735
282.85	717
282.8	649
282.75	697
282.7	710
282.65	688
282.6	698
282.55	673
282.5	763
282.45	738
282.4	710
282.35	707
282.3	681
282.25	701
282.2	692
282.15	695
282.1	692
282.05	649
282	693
281.95	694
281.9	760
281.85	734
281.8	643
281.75	738
281.7	745
281.65	742
281.6	612
281.55	768
281.5	722
281.45	699
281.4	676
281.35	725
281.3	689
281.25	703
281.2	740
281.15	720
281.1	684
281.05	692
281	695
280.95	730
280.9	701
280.85	709
280.8	722
280.75	720
280.7	741
280.65	751
280.6	715
280.55	744
280.5	719
280.45	701
280.4	704
280.35	705
280.3	715
280.25	710
280.2	777
280.15	784
280.1	717
280.05	752
280	780
279.95	760
279.9	686
279.85	730
279.8	704
279.75	723
279.7	757
279.65	713
279.6	754
279.55	754
279.5	737
279.45	718
279.4	755
279.35	699
279.3	758
279.25	742
279.2	733
279.15	772
279.1	710
279.05	744
279	704
278.95	670
278.9	706
278.85	731
278.8	683
278.75	739
278.7	746
278.65	720
278.6	679
278.55	803
278.5	735
278.45	759
278.4	739
278.35	767
278.3	746
278.25	766
278.2	717
278.15	729
278.1	795
278.05	717
278	750
277.95	781
277.9	753
277.85	741
277.8	782
277.75	773
277.7	750
277.65	756
277.6	743
277.55	738
277.5	765
277.45	777
277.4	790
277.35	760
277.3	689
277.25	742
277.2	803
277.15	763
277.1	757
277.05	715
277	722
276.95	734
276.9	765
276.85	779
276.8	748
276.75	761
276.7	785
276.65	701
276.6	783
276.55	704
276.5	712
276.45	751
276.4	732
276.35	678
276.3	772
276.25	685
276.2	699
276.15	769
276.1	717
276.05	731
276	759
275.95	722
275.9	713
275.85	742
275.8	717
275.75	726
275.7	685
275.65	704
275.6	702
275.55	705
275.5	693
275.45	697
275.4	705
275.35	778
275.3	717
275.25	681
275.2	720
275.15	703
275.1	683
275.05	715
275	686

Element Na 1s; Region 3 of 6; Depth Cycle 1 of 1; Time Per Step 50; Sweeps 20; Anode Mg; Photon Energy 1253.6; XPS;
1086	11888
1085.95	11895
1085.9	12030
1085.85	12200
1085.8	11827
1085.75	12058
1085.7	11922
1085.65	11945
1085.6	12194
1085.55	11864
1085.5	11955
1085.45	11937
1085.4	12010
1085.35	11619
1085.3	11872
1085.25	11853
1085.2	12085
1085.15	11955
1085.1	12022
1085.05	11903
1085	11909
1084.95	11906
1084.9	11879
1084.85	11838
1084.8	11878
1084.75	11939
1084.7	11741
1084.65	11925
1084.6	12028
1084.55	11809
1084.5	11860
1084.45	11934
1084.4	11640
1084.35	11996
1084.3	11833
1084.25	11753
1084.2	11663
1084.15	11754
1084.1	11987
1084.05	11747
1084	11946
1083.95	11936
1083.9	11769
1083.85	12098
1083.8	11905
1083.75	11856
1083.7	11797
1083.65	11842
1083.6	11712
1083.55	11797
1083.5	11853
1083.45	11729
1083.4	11891
1083.35	11818
1083.3	11759
1083.25	11910
1083.2	11853
1083.15	11655
1083.1	11673
1083.05	11884
1083	11979
1082.95	11794
1082.9	11917
1082.85	11792
1082.8	11967
1082.75	11964
1082.7	11920
1082.65	11757
1082.6	11866
1082.55	11708
1082.5	11863
1082.45	11992
1082.4	11852
1082.35	11841
1082.3	11871
1082.25	11617
1082.2	11942
1082.15	11984
1082.1	11673
1082.05	11673
1082	11837
1081.95	11683
1081.9	11934
1081.85	11757
1081.8	11709
1081.75	11865
1081.7	11541
1081.65	11759
1081.6	11580
1081.55	11557
1081.5	11591
1081.45	11740
1081.4	11939
1081.35	11735
1081.3	11798
1081.25	11623
1081.2	11621
1081.15	11558
1081.1	11650
1081.05	11649
1081	11730
1080.95	11647
1080.9	11743
1080.85	11797
1080.8	11674
1080.75	11518
1080.7	11768
1080.65	11628
1080.6	11698
1080.55	11604
1080.5	11653
1080.45	11571
1080.4	11849
1080.35	11635
1080.3	11776
1080.25	11698
1080.2	11586
1080.15	11769
1080.1	11497
1080.05	11723
1080	11609
1079.95	11589
1079.9	11511
1079.85	11662
1079.8	11608
1079.75	11666
1079.7	11804
1079.65	11658
1079.6	11475
1079.55	11696
1079.5	11577
1079.45	11662
1079.4	11732
1079.35	11695
1079.3	11596
1079.25	11616
1079.2	11582
1079.15	11693
1079.1	11591
1079.05	11739
1079	11664
1078.95	11648
1078.9	11718
1078.85	11511
1078.8	11410
1078.75	11653
1078.7	11568
1078.65	11563
1078.6	11526
1078.55	11530
1078.5	11596
1078.45	11713
1078.4	11714
1078.35	11527
1078.3	11505
1078.25	11480
1078.2	11399
1078.15	11563
1078.1	11620
1078.05	11542
1078	11555
1077.95	11502
1077.9	11456
1077.85	11432
1077.8	11628
1077.75	11535
1077.7	11494
1077.65	11483
1077.6	11682
1077.55	11306
1077.5	11317
1077.45	11671
1077.4	11430
1077.35	11494
1077.3	11428
1077.25	11701
1077.2	11453
1077.15	11420
1077.1	11506
1077.05	11439
1077	11590
1076.95	11577
1076.9	11523
1076.85	11405
1076.8	11482
1076.75	11349
1076.7	11400
1076.65	11466
1076.6	11544
1076.55	11482
1076.5	11666
1076.45	11461
1076.4	11499
1076.35	11678
1076.3	11446
1076.25	11631
1076.2	11398
1076.15	11518
1076.1	11514
1076.05	11477
1076	11582
1075.95	11531
1075.9	11625
1075.85	11648
1075.8	11710
1075.75	11496
1075.7	11465
1075.65	11634
1075.6	11575
1075.55	11422
1075.5	11541
1075.45	11750
1075.4	11709
1075.35	11847
1075.3	11687
1075.25	11789
1075.2	11620
1075.15	11749
1075.1	11741
1075.05	11840
1075	11856
1074.95	11888
1074.9	11940
1074.85	12056
1074.8	11838
1074.75	12063
1074.7	11852
1074.65	11864
1074.6	11993
1074.55	12058
1074.5	12058
1074.45	11881
1074.4	12097
1074.35	11930
1074.3	11960
1074.25	12328
1074.2	11975
1074.15	11871
1074.1	12100
1074.05	12042
1074	11825
1073.95	11825
1073.9	12013
1073.85	11907
1073.8	11842
1073.75	12014
1073.7	11786
1073.65	11820
1073.6	11749
1073.55	11863
1073.5	11619
1073.45	11818
1073.4	11531
1073.35	11840
1073.3	11654
1073.25	11558
1073.2	11545
1073.15	11683
1073.1	11577
1073.05	11600
1073	11415
1072.95	11422
1072.9	11669
1072.85	11513
1072.8	11501
1072.75	11504
1072.7	11419
1072.65	11443
1072.6	11395
1072.55	11390
1072.5	11399
1072.45	11578
1072.4	11356
1072.35	11401
1072.3	11499
1072.25	11362
1072.2	11406
1072.15	11444
1072.1	11484
1072.05	11296
1072	11390
1071.95	11358
1071.9	11158
1071.85	11108
1071.8	11381
1071.75	11362
1071.7	11310
1071.65	11123
1071.6	11454
1071.55	11102
1071.5	11388
1071.45	11439
1071.4	11115
1071.35	11319
1071.3	11262
1071.25	11288
1071.2	11283
1071.15	11274
1071.1	11377
1071.05	11160
1071	11224
1070.95	11276
1070.9	11231
1070.85	11232
1070.8	11074
1070.75	11064
1070.7	11153
1070.65	11214
1070.6	11142
1070.55	11168
1070.5	10995
1070.45	11230
1070.4	11313
1070.35	11249
1070.3	11246
1070.25	11272
1070.2	11008
1070.15	11111
1070.1	11007
1070.05	11085
1070	11069
1069.95	11109
1069.9	11132
1069.85	11143
1069.8	11097
1069.75	11018
1069.7	11183
1069.65	11032
1069.6	11153
1069.55	11108
1069.5	11213
1069.45	11049
1069.4	11050
1069.35	10846
1069.3	11154
1069.25	10997
1069.2	11293
1069.15	10867
1069.1	11127
1069.05	11081
1069	11031
1068.95	11215
1068.9	11068
1068.85	10915
1068.8	11045
1068.75	11107
1068.7	11225
1068.65	11242
1068.6	11191
1068.55	11010
1068.5	11241
1068.45	11020
1068.4	11009
1068.35	11022
1068.3	11159
1068.25	11008
1068.2	11085
1068.15	10991
1068.1	10939
1068.05	10910
1068	11023
1067.95	10965
1067.9	11178
1067.85	11054
1067.8	10766
1067.75	11064
1067.7	11013
1067.65	10919
1067.6	11038
1067.55	11239
1067.5	11227
1067.45	11142
1067.4	11066
1067.35	10987
1067.3	10811
1067.25	11143
1067.2	10912
1067.15	11093
1067.1	10992
1067.05	10885
1067	11079
1066.95	10870
1066.9	11052
1066.85	11024
1066.8	10971
1066.75	10909
1066.7	11053
1066.65	10903
1066.6	10989
1066.55	10868
1066.5	10992
1066.45	11038
1066.4	11030
1066.35	10945
1066.3	11028
1066.25	10988
1066.2	11045
1066.15	11154
1066.1	10984
1066.05	10923
1066	10913

Element O 1s; Region 4 of 6; Depth Cycle 1 of 1; Time Per Step 50; Sweeps 10; Anode Mg; Photon Energy 1253.6; XPS;
550	1701
549.95	1687
549.9	1654
549.85	1667
549.8	1571
549.75	1671
549.7	1674
549.65	1729
549.6	1689
549.55	1744
549.5	1705
549.45	1607
549.4	1672
549.35	1701
549.3	1657
549.25	1696
549.2	1696
549.15	1670
549.1	1674
549.05	1638
549	1598
548.95	1650
548.9	1667
548.85	1747
548.8	1676
548.75	1689
548.7	1581
548.65	1719
548.6	1579
548.55	1688
548.5	1676
548.45	1668
548.4	1676
548.35	1616
548.3	1650
548.25	1721
548.2	1632
548.15	1638
548.1	1693
548.05	1722
548	1657
547.95	1650
547.9	1683
547.85	1628
547.8	1602
547.75	1692
547.7	1707
547.65	1698
547.6	1693
547.55	1670
547.5	1673
547.45	1664
547.4	1681
547.35	1683
547.3	1654
547.25	1679
547.2	1686
547.15	1725
547.1	1616
547.05	1651
547	1610
546.95	1608
546.9	1669
546.85	1638
546.8	1667
546.75	1679
546.7	1570
546.65	1617
546.6	1639
546.55	1589
546.5	1589
546.45	1694
546.4	1653
546.35	1631
546.3	1673
546.25	1583
546.2	1661
546.15	1613
546.1	1692
546.05	1662
546	1657
545.95	1650
545.9	1578
545.85	1530
545.8	1691
545.75	1662
545.7	1661
545.65	1657
545.6	1595
545.55	1536
545.5	1626
545.45	1639
545.4	1627
545.35	1629
545.3	1628
545.25	1611
545.2	1626
545.15	1654
545.1	1633
545.05	1576
545	1612
544.95	1553
544.9	1642
544.85	1610
544.8	1549
544.75	1645
544.7	1576
544.65	1608
544.6	1587
544.55	1587
544.5	1654
544.45	1608
544.4	1599
544.35	1623
544.3	1610
544.25	1560
544.2	1674
544.15	1573
544.1	1652
544.05	1577
544	1571
543.95	1586
543.9	1597
543.85	1615
543.8	1590
543.75	1589
543.7	1592
543.65	1662
543.6	1542
543.55	1644
543.5	1629
543.45	1590
543.4	1581
543.35	1589
543.3	1630
543.25	1589
543.2	1543
543.15	1567
543.1	1623
543.05	1656
543	1559
542.95	1603
542.9	1568
542.85	1635
542.8	1576
542.75	1599
542.7	1587
542.65	1586
542.6	1579
542.55	1520
542.5	1613
542.45	1520
542.4	1567
542.35	1551
542.3	1569
542.25	1525
542.2	1525
542.15	1572
542.1	1571
542.05	1593
542	1574
541.95	1626
541.9	1570
541.85	1508
541.8	1597
541.75	1578
541.7	1536
541.65	1523
541.6	1571
541.55	1531
541.5	1478
541.45	1545
541.4	1578
541.35	1541
541.3	1502
541.25	1481
541.2	1461
541.15	1513
541.1	1464
541.05	1504
541	1534
540.95	1549
540.9	1578
540.85	1558
540.8	1578
540.75	1578
540.7	1549
540.65	1579
540.6	1482
540.55	1499
540.5	1468
540.45	1569
540.4	1574
540.35	1534
540.3	1558
540.25	1544
540.2	1486
540.15	1578
540.1	1526
540.05	1555
540	1511
539.95	1515
539.9	1456
539.85	1534
539.8	1506
539.75	1490
539.7	1492
539.65	1514
539.6	1460
539.55	1496
539.5	1454
539.45	1569
539.4	1460
539.35	1492
539.3	1561
539.25	1496
539.2	1498
539.15	1512
539.1	1552
539.05	1538
539	1523
538.95	1532
538.9	1507
538.85	1471
538.8	1497
538.75	1536
538.7	1462
538.65	1510
538.6	1502
538.55	1511
538.5	1477
538.45	1554
538.4	1422
538.35	1470
538.3	1434
538.25	1449
538.2	1388
538.15	1446
538.1	1450
538.05	1491
538	1467
537.95	1419
537.9	1489
537.85	1527
537.8	1458
537.75	1480
537.7	1456
537.65	1511
537.6	1422
537.55	1492
537.5	1436
537.45	1469
537.4	1439
537.35	1473
537.3	1505
537.25	1442
537.2	1518
537.15	1469
537.1	1533
537.05	1428
537	1472
536.95	1506
536.9	1401
536.85	1434
536.8	1489
536.75	1495
536.7	1479
536.65	1536
536.6	1469
536.55	1517
536.5	1486
536.45	1465
536.4	1527
536.35	1466
536.3	1559
536.25	1515
536.2	1557
536.15	1545
536.1	1551
536.05	1557
536	1603
535.95	1578
535.9	1559
535.85	1617
535.8	1517
535.75	1542
535.7	1590
535.65	1548
535.6	1570
535.55	1608
535.5	1645
535.45	1541
535.4	1555
535.35	1581
535.3	1676
535.25	1609
535.2	1633
535.15	1646
535.1	1684
535.05	1624
535	1714
534.95	1709
534.9	1671
534.85	1637
534.8	1714
534.75	1785
534.7	1701
534.65	1801
534.6	1816
534.55	1783
534.5	1781
534.45	1707
534.4	1768
534.35	1759
534.3	1866
534.25	1843
534.2	1912
534.15	1837
534.1	1955
534.05	1883
534	2024
533.95	1966
533.9	1949
533.85	1988
533.8	1850
533.75	2037
533.7	2099
533.65	2005
533.6	2087
533.55	2055
533.5	2123
533.45	2247
533.4	2221
533.35	2164
533.3	2302
533.25	2296
533.2	2326
533.15	2329
533.1	2387
533.05	2441
533	2425
532.95	2385
532.9	2510
532.85	2487
532.8	2502
532.75	2374
532.7	2524
532.65	2510
532.6	2538
532.55	2526
532.5	2610
532.45	2457
532.4	2429
532.35	2386
532.3	2379
532.25	2407
532.2	2313
532.15	2238
532.1	2309
532.05	2213
532	2231
531.95	2074
531.9	2072
531.85	2110
531.8	2075
531.75	1957
531.7	1947
531.65	1947
531.6	1945
531.55	1914
531.5	1893
531.45	1830
531.4	1819
531.35	1810
531.3	1749
531.25	1738
531.2	1702
531.15	1792
531.1	1706
531.05	1634
531	1651
530.95	1738
530.9	1686
530.85	1690
530.8	1690
530.75	1677
530.7	1638
530.65	1626
530.6	1646
530.55	1597
530.5	1556
530.45	1594
530.4	1556
530.35	1600
530.3	1629
530.25	1586
530.2	1560
530.15	1522
530.1	1583
530.05	1565
530	1573
529.95	1514
529.9	1478
529.85	1539
529.8	1532
529.75	1559
529.7	1497
529.65	1537
529.6	1524
529.55	1468
529.5	1510
529.45	1524
529.4	1448
529.35	1458
529.3	1434
529.25	1432
529.2	1486
529.15	1532
529.1	1442
529.05	1436
529	1436
528.95	1453
528.9	1471
528.85	1372
528.8	1442
528.75	1394
528.7	1441
528.65	1483
528.6	1398
528.55	1401
528.5	1417
528.45	1353
528.4	1399
528.35	1347
528.3	1376
528.25	1367
528.2	1398
528.15	1407
528.1	1455
528.05	1386
528	1317
527.95	1428
527.9	1439
527.85	1357
527.8	1360
527.75	1422
527.7	1373
527.65	1402
527.6	1448
527.55	1361
527.5	1441
527.45	1374
527.4	1379
527.35	1403
527.3	1308
527.25	1341
527.2	1325
527.15	1352
527.1	1436
527.05	1411
527	1457
526.95	1415
526.9	1420
526.85	1421
526.8	1363
526.75	1467
526.7	1469
526.65	1344
526.6	1467
526.55	1454
526.5	1430
526.45	1453
526.4	1410
526.35	1380
526.3	1428
526.25	1403
526.2	1453
526.15	1442
526.1	1371
526.05	1379
526	1297
525.95	1425
525.9	1358
525.85	1343
525.8	1402
525.75	1447
525.7	1393
525.65	1360
525.6	1447
525.55	1419
525.5	1474
525.45	1429
525.4	1507
525.35	1444
525.3	1471
525.25	1480
525.2	1429
525.15	1470
525.1	1432
525.05	1449
525	1466
524.95	1405
524.9	1385
524.85	1395
524.8	1453
524.75	1405
524.7	1447
524.65	1411
524.6	1474
524.55	1483
524.5	1427
524.45	1487
524.4	1492
524.35	1499
524.3	1426
524.25	1504
524.2	1437
524.15	1480
524.1	1475
524.05	1480
524	1448
523.95	1455
523.9	1455
523.85	1463
523.8	1482
523.75	1437
523.7	1458
523.65	1458
523.6	1401
523.55	1482
523.5	1485
523.45	1395
523.4	1467
523.35	1438
523.3	1483
523.25	1436
523.2	1426
523.15	1399
523.1	1424
523.05	1447
523	1467
522.95	1372
522.9	1467
522.85	1482
522.8	1379
522.75	1512
522.7	1413
522.65	1498
522.6	1528
522.55	1431
522.5	1493
522.45	1435
522.4	1511
522.35	1432
522.3	1478
522.25	1454
522.2	1388
522.15	1502
522.1	1408
522.05	1363
522	1478
521.95	1480
521.9	1426
521.85	1391
521.8	1438
521.75	1397
521.7	1388
521.65	1414
521.6	1417
521.55	1455
521.5	1408
521.45	1356
521.4	1429
521.35	1422
521.3	1392
521.25	1371
521.2	1349
521.15	1332
521.1	1445
521.05	1415
521	1418
520.95	1313
520.9	1421
520.85	1382
520.8	1391
520.75	1417
520.7	1369
520.65	1463
520.6	1367
520.55	1377
520.5	1392
520.45	1340
520.4	1387
520.35	1394
520.3	1398
520.25	1350
520.2	1271
520.15	1399
520.1	1335
520.05	1347
520	1388
519.95	1396
519.9	1378
519.85	1324
519.8	1391
519.75	1296
519.7	1305
519.65	1351
519.6	1346
519.55	1331
519.5	1328
519.45	1398
519.4	1328
519.35	1402
519.3	1334
519.25	1350
519.2	1414
519.15	1350
519.1	1359
519.05	1312
519	1426
518.95	1365
518.9	1368
518.85	1405
518.8	1356
518.75	1411
518.7	1344
518.65	1324
518.6	1387
518.55	1340
518.5	1357
518.45	1270
518.4	1349
518.35	1392
518.3	1429
518.25	1360
518.2	1379
518.15	1347
518.1	1322
518.05	1340
518	1356
517.95	1428
517.9	1345
517.85	1390
517.8	1354
517.75	1364
517.7	1368
517.65	1347
517.6	1428
517.55	1389
517.5	1411
517.45	1411
517.4	1295
517.35	1332
517.3	1371
517.25	1350
517.2	1347
517.15	1339
517.1	1398
517.05	1390
517	1407
516.95	1358
516.9	1359
516.85	1307
516.8	1344
516.75	1369
516.7	1347
516.65	1355
516.6	1378
516.55	1424
516.5	1344
516.45	1365
516.4	1408
516.35	1364
516.3	1371
516.25	1421
516.2	1426
516.15	1398
516.1	1357
516.05	1394
516	1416
515.95	1360
515.9	1326
515.85	1260
515.8	1350
515.75	1311
515.7	1380
515.65	1397
515.6	1352
515.55	1373
515.5	1362
515.45	1397
515.4	1385
515.35	1319
515.3	1390
515.25	1431
515.2	1366
515.15	1360
515.1	1348
515.05	1396
515	1326

Element Sr 3d; Region 5 of 6; Depth Cycle 1 of 1; Time Per Step 50; Sweeps 30; Anode Mg; Photon Energy 1253.6; XPS;
165	1643
164.95	1670
164.9	1601
164.85	1556
164.8	1599
164.75	1536
164.7	1592
164.65	1482
164.6	1491
164.55	1407
164.5	1520
164.45	1496
164.4	1485
164.35	1413
164.3	1431
164.25	1499
164.2	1519
164.15	1518
164.1	1506
164.05	1511
164	1640
163.95	1548
163.9	1650
163.85	1687
163.8	1753
163.75	1755
163.7	1918
163.65	1883
163.6	1957
163.55	2081
163.5	2155
163.45	2183
163.4	2416
163.35	2462
163.3	2633
163.25	2845
163.2	2963
163.15	3055
163.1	3253
163.05	3408
163	3552
162.95	3789
162.9	3942
162.85	4051
162.8	4233
162.75	4321
162.7	4534
162.65	4606
162.6	4679
162.55	4813
162.5	4880
162.45	4881
162.4	4834
162.35	4854
162.3	4870
162.25	4663
162.2	4657
162.15	4572
162.1	4533
162.05	4375
162	4305
161.95	3997
161.9	4012
161.85	3824
161.8	3573
161.75	3599
161.7	3372
161.65	3272
161.6	3159
161.55	3077
161.5	3070
161.45	2838
161.4	2729
161.35	2695
161.3	2557
161.25	2568
161.2	2483
161.15	2492
161.1	2468
161.05	2361
161	2231
160.95	2302
160.9	2272
160.85	2241
160.8	2144
160.75	2192
160.7	2166
160.65	2146
160.6	2176
160.55	2169
160.5	2029
160.45	2162
160.4	2105
160.35	2073
160.3	2071
160.25	2009
160.2	1993
160.15	2040
160.1	2064
160.05	2057
160	1966
159.95	1873
159.9	1951
159.85	1932
159.8	1799
159.75	1856
159.7	1804
159.65	1757
159.6	1788
159.55	1725
159.5	1702
159.45	1589
159.4	1703
159.35	1577
159.3	1556
159.25	1537
159.2	1453
159.15	1461
159.1	1372
159.05	1351
159	1426
158.95	1391
158.9	1326
158.85	1277
158.8	1318
158.75	1313
158.7	1281
158.65	1265
158.6	1229
158.55	1155
158.5	1264
158.45	1256
158.4	1222
158.35	1203
158.3	1228
158.25	1197
158.2	1236
158.15	1113
158.1	1150
158.05	1238
158	1195
157.95	1180
157.9	1169
157.85	1168
157.8	1228
157.75	1210
157.7	1138
157.65	1158
157.6	1164
157.55	1177
157.5	1140
157.45	1210
157.4	1191
157.35	1180
157.3	1179
157.25	1155
157.2	1041
157.15	1137
157.1	1136
157.05	1141
157	1055
156.95	1087
156.9	1145
156.85	1106
156.8	1089
156.75	992
156.7	1013
156.65	1058
156.6	1030
156.55	1104
156.5	1031
156.45	1008
156.4	1011
156.35	947
156.3	997
156.25	922
156.2	956
156.15	972
156.1	965
156.05	995
156	962
155.95	999
155.9	948
155.85	1004
155.8	1025
155.75	977
155.7	970
155.65	938
155.6	947
155.55	979
155.5	950
155.45	880
155.4	951
155.35	933
155.3	1028
155.25	965
155.2	979
155.15	947
155.1	1023
155.05	973
155	969
154.95	1024
154.9	1015
154.85	979
154.8	987
154.75	1034
154.7	984
154.65	1043
154.6	1070
154.55	1078
154.5	1090
154.45	1050
154.4	1058
154.35	1114
154.3	1104
154.25	1116
154.2	1067
154.15	1195
154.1	1090
154.05	1157
154	1145
153.95	1184
153.9	1107
153.85	1122
153.8	1128
153.75	1127
153.7	1109
153.65	1095
153.6	1070
153.55	1118
153.5	1073
153.45	1097
153.4	1104
153.35	1021
153.3	1144
153.25	1088
153.2	1025
153.15	1093
153.1	1072
153.05	1059
153	986
152.95	1070
152.9	1063
152.85	1035
152.8	1058
152.75	1034
152.7	1051
152.65	1008
152.6	1065
152.55	1003
152.5	1035
152.45	1062
152.4	1067
152.35	1105
152.3	1078
152.25	1024
152.2	1074
152.15	1050
152.1	1103
152.05	1005
152	1035
151.95	963
151.9	989
151.85	1003
151.8	1010
151.75	999
151.7	989
151.65	991
151.6	956
151.55	970
151.5	964
151.45	935
151.4	927
151.35	915
151.3	922
151.25	919
151.2	940
151.15	927
151.1	900
151.05	890
151	891
150.95	852
150.9	874
150.85	899
150.8	869
150.75	849
150.7	888
150.65	793
150.6	882
150.55	865
150.5	813
150.45	814
150.4	845
150.35	855
150.3	858
150.25	831
150.2	792
150.15	796
150.1	839
150.05	835
150	822
149.95	774
149.9	809
149.85	813
149.8	800
149.75	772
149.7	835
149.65	787
149.6	818
149.55	762
149.5	789
149.45	741
149.4	812
149.35	803
149.3	789
149.25	764
149.2	812
149.15	784
149.1	814
149.05	752
149	720
148.95	756
148.9	774
148.85	750
148.8	771
148.75	725
148.7	793
148.65	752
148.6	756
148.55	733
148.5	759
148.45	735
148.4	746
148.35	758
148.3	802
148.25	706
148.2	768
148.15	722
148.1	747
148.05	714
148	738
147.95	757
147.9	739
147.85	702
147.8	768
147.75	791
147.7	751
147.65	762
147.6	766
147.55	752
147.5	772
147.45	744
147.4	722
147.35	806
147.3	704
147.25	755
147.2	750
147.15	718
147.1	730
147.05	745
147	752
146.95	756
146.9	772
146.85	808
146.8	774
146.75	744
146.7	717
146.65	697
146.6	716
146.55	752
146.5	714
146.45	731
146.4	732
146.35	752
146.3	722
146.25	711
146.2	741
146.15	749
146.1	749
146.05	710
146	774
145.95	771
145.9	739
145.85	771
145.8	737
145.75	724
145.7	738
145.65	787
145.6	762
145.55	734
145.5	711
145.45	741
145.4	731
145.35	769
145.3	763
145.25	775
145.2	762
145.15	677
145.1	754
145.05	809
145	744
144.95	715
144.9	719
144.85	705
144.8	690
144.75	729
144.7	733
144.65	706
144.6	749
144.55	764
144.5	717
144.45	741
144.4	796
144.35	747
144.3	718
144.25	771
144.2	743
144.15	736
144.1	734
144.05	808
144	714
143.95	740
143.9	743
143.85	717
143.8	741
143.75	690
143.7	718
143.65	698
143.6	769
143.55	724
143.5	714
143.45	758
143.4	762
143.35	727
143.3	707
143.25	749
143.2	669
143.15	713
143.1	732
143.05	690
143	707
142.95	694
142.9	705
142.85	751
142.8	731
142.75	694
142.7	763
142.65	773
142.6	730
142.55	711
142.5	689
142.45	715
142.4	713
142.35	834
142.3	731
142.25	757
142.2	716
142.15	770
142.1	737
142.05	721
142	732
141.95	724
141.9	723
141.85	763
141.8	739
141.75	724
141.7	774
141.65	712
141.6	725
141.55	681
141.5	717
141.45	658
141.4	730
141.35	737
141.3	726
141.25	697
141.2	758
141.15	701
141.1	771
141.05	667
141	707
140.95	740
140.9	721
140.85	777
140.8	749
140.75	737
140.7	702
140.65	721
140.6	714
140.55	728
140.5	680
140.45	707
140.4	720
140.35	737
140.3	685
140.25	666
140.2	717
140.15	770
140.1	726
140.05	700
140	668
139.95	755
139.9	697
139.85	749
139.8	681
139.75	677
139.7	746
139.65	737
139.6	765
139.55	710
139.5	694
139.45	770
139.4	717
139.35	717
139.3	710
139.25	742
139.2	743
139.15	719
139.1	690
139.05	721
139	677
138.95	697
138.9	677
138.85	735
138.8	755
138.75	729
138.7	739
138.65	715
138.6	740
138.55	691
138.5	714
138.45	748
138.4	673
138.35	673
138.3	715
138.25	683
138.2	729
138.15	772
138.1	716
138.05	703
138	710
137.95	702
137.9	757
137.85	691
137.8	708
137.75	755
137.7	690
137.65	715
137.6	712
137.55	697
137.5	745
137.45	701
137.4	687
137.35	740
137.3	693
137.25	700
137.2	717
137.15	726
137.1	722
137.05	704
137	656
136.95	709
136.9	743
136.85	659
136.8	691
136.75	739
136.7	717
136.65	731
136.6	669
136.55	710
136.5	659
136.45	712
136.4	741
136.35	717
136.3	693
136.25	729
136.2	714
136.15	693
136.1	711
136.05	716
136	658
135.95	678
135.9	689
135.85	722
135.8	691
135.75	652
135.7	738
135.65	742
135.6	695
135.55	676
135.5	713
135.45	713
135.4	715
135.35	725
135.3	744
135.25	656
135.2	641
135.15	728
135.1	648
135.05	706
135	709
134.95	687
134.9	696
134.85	726
134.8	707
134.75	707
134.7	701
134.65	693
134.6	714
134.55	739
134.5	732
134.45	713
134.4	685
134.35	679
134.3	699
134.25	745
134.2	664
134.15	746
134.1	726
134.05	759
134	698
133.95	723
133.9	699
133.85	759
133.8	672
133.75	706
133.7	689
133.65	697
133.6	633
133.55	695
133.5	693
133.45	699
133.4	715
133.35	660
133.3	739
133.25	687
133.2	716
133.15	680
133.1	721
133.05	708
133	702
132.95	709
132.9	700
132.85	712
132.8	665
132.75	692
132.7	690
132.65	710
132.6	656
132.55	725
132.5	686
132.45	693
132.4	704
132.35	729
132.3	706
132.25	655
132.2	640
132.15	705
132.1	688
132.05	710
132	688
131.95	725
131.9	716
131.85	671
131.8	675
131.75	702
131.7	737
131.65	710
131.6	708
131.55	722
131.5	675
131.45	669
131.4	699
131.35	690
131.3	676
131.25	704
131.2	678
131.15	730
131.1	668
131.05	661
131	674
130.95	679
130.9	684
130.85	658
130.8	694
130.75	636
130.7	683
130.65	733
130.6	727
130.55	695
130.5	696
130.45	683
130.4	708
130.35	704
130.3	687
130.25	640
130.2	694
130.15	721
130.1	681
130.05	681
130	694
129.95	677
129.9	737
129.85	684
129.8	681
129.75	669
129.7	685
129.65	696
129.6	714
129.55	707
129.5	698
129.45	648
129.4	712
129.35	664
129.3	736
129.25	680
129.2	697
129.15	723
129.1	732
129.05	690
129	668
128.95	677
128.9	685
128.85	672
128.8	716
128.75	700
128.7	653
128.65	677
128.6	717
128.55	714
128.5	713
128.45	711
128.4	684
128.35	681
128.3	688
128.25	697
128.2	658
128.15	705
128.1	690
128.05	703
128	696
127.95	701
127.9	697
127.85	708
127.8	637
127.75	716
127.7	651
127.65	661
127.6	711
127.55	686
127.5	681
127.45	677
127.4	634
127.35	684
127.3	736
127.25	680
127.2	663
127.15	680
127.1	714
127.05	758
127	697
126.95	654
126.9	743
126.85	705
126.8	683
126.75	666
126.7	713
126.65	653
126.6	700
126.55	688
126.5	764
126.45	743
126.4	710
126.35	688
126.3	715
126.25	703
126.2	707
126.15	700
126.1	744
126.05	669
126	731
125.95	656
125.9	756
125.85	744
125.8	690
125.75	721
125.7	725
125.65	710
125.6	749
125.55	708
125.5	708
125.45	660
125.4	721
125.35	653
125.3	675
125.25	717
125.2	719
125.15	670
125.1	678
125.05	735
125	686

Element Ti 2p; Region 6 of 6; Depth Cycle 1 of 1; Time Per Step 50; Sweeps 20; Anode Mg; Photon Energy 1253.6; XPS;
485	2708
484.95	2718
484.9	2762
484.85	2700
484.8	2671
484.75	2696
484.7	2671
484.65	2759
484.6	2672
484.55	2558
484.5	2697
484.45	2648
484.4	2691
484.35	2725
484.3	2674
484.25	2673
484.2	2747
484.15	2748
484.1	2710
484.05	2777
484	2721
483.95	2703
483.9	2684
483.85	2662
483.8	2648
483.75	2731
483.7	2658
483.65	2673
483.6	2683
483.55	2626
483.5	2651
483.45	2644
483.4	2600
483.35	2639
483.3	2666
483.25	2725
483.2	2664
483.15	2675
483.1	2677
483.05	2734
483	2657
482.95	2739
482.9	2679
482.85	2697
482.8	2704
482.75	2617
482.7	2716
482.65	2643
482.6	2644
482.55	2648
482.5	2612
482.45	2542
482.4	2715
482.35	2682
482.3	2626
482.25	2599
482.2	2566
482.15	2616
482.1	2668
482.05	2594
482	2623
481.95	2636
481.9	2663
481.85	2668
481.8	2673
481.75	2676
481.7	2703
481.65	2611
481.6	2658
481.55	2665
481.5	2708
481.45	2773
481.4	2569
481.35	2594
481.3	2672
481.25	2705
481.2	2729
481.15	2749
481.1	2650
481.05	2679
481	2569
480.95	2557
480.9	2571
480.85	2647
480.8	2614
480.75	2706
480.7	2614
480.65	2603
480.6	2617
480.55	2634
480.5	2697
480.45	2665
480.4	2656
480.35	2631
480.3	2644
480.25	2710
480.2	2749
480.15	2627
480.1	2597
480.05	2604
480	2582
479.95	2738
479.9	2590
479.85	2698
479.8	2596
479.75	2710
479.7	2694
479.65	2665
479.6	2609
479.55	2637
479.5	2775
479.45	2631
479.4	2571
479.35	2628
479.3	2699
479.25	2655
479.2	2703
479.15	2594
479.1	2505
479.05	2614
479	2563
478.95	2742
478.9	2680
478.85	2606
478.8	2673
478.75	2619
478.7	2602
478.65	2631
478.6	2647
478.55	2613
478.5	2591
478.45	2644
478.4	2585
478.35	2561
478.3	2621
478.25	2664
478.2	2615
478.15	2613
478.1	2516
478.05	2677
478	2583
477.95	2573
477.9	2627
477.85	2553
477.8	2590
477.75	2639
477.7	2533
477.65	2607
477.6	2481
477.55	2638
477.5	2626
477.45	2596
477.4	2523
477.35	2512
477.3	2660
477.25	2624
477.2	2578
477.15	2545
477.1	2511
477.05	2600
477	2564
476.95	2524
476.9	2577
476.85	2617
476.8	2538
476.75	2590
476.7	2651
476.65	2595
476.6	2625
476.55	2560
476.5	2576
476.45	2601
476.4	2530
476.35	2534
476.3	2598
476.25	2510
476.2	2649
476.15	2622
476.1	2609
476.05	2581
476	2595
475.95	2532
475.9	2668
475.85	2517
475.8	2566
475.75	2566
475.7	2589
475.65	2586
475.6	2667
475.55	2471
475.5	2552
475.45	2558
475.4	2593
475.35	2553
475.3	2631
475.25	2578
475.2	2614
475.15	2602
475.1	2599
475.05	2526
475	2575
474.95	2612
474.9	2574
474.85	2576
474.8	2532
474.75	2505
474.7	2513
474.65	2523
474.6	2568
474.55	2569
474.5	2623
474.45	2536
474.4	2437
474.35	2522
474.3	2464
474.25	2569
474.2	2532
474.15	2537
474.1	2552
474.05	2545
474	2504
473.95	2589
473.9	2632
473.85	2503
473.8	2461
473.75	2503
473.7	2586
473.65	2526
473.6	2595
473.55	2534
473.5	2510
473.45	2512
473.4	2443
473.35	2503
473.3	2497
473.25	2544
473.2	2507
473.15	2592
473.1	2453
473.05	2538
473	2499
472.95	2472
472.9	2504
472.85	2509
472.8	2520
472.75	2528
472.7	2643
472.65	2621
472.6	2534
472.55	2615
472.5	2547
472.45	2532
472.4	2606
472.35	2566
472.3	2496
472.25	2489
472.2	2468
472.15	2556
472.1	2558
472.05	2542
472	2563
471.95	2573
471.9	2457
471.85	2528
471.8	2548
471.75	2489
471.7	2658
471.65	2563
471.6	2478
471.55	2655
471.5	2616
471.45	2516
471.4	2560
471.35	2468
471.3	2509
471.25	2529
471.2	2462
471.15	2591
471.1	2509
471.05	2557
471	2629
470.95	2616
470.9	2453
470.85	2634
470.8	2574
470.75	2617
470.7	2554
470.65	2597
470.6	2633
470.55	2563
470.5	2576
470.45	2537
470.4	2588
470.35	2516
470.3	2637
470.25	2553
470.2	2556
470.15	2584
470.1	2603
470.05	2533
470	2618
469.95	2625
469.9	2668
469.85	2614
469.8	2652
469.75	2554
469.7	2718
469.65	2687
469.6	2671
469.55	2561
469.5	2672
469.45	2617
469.4	2665
469.35	2664
469.3	2764
469.25	2740
469.2	2695
469.15	2710
469.1	2765
469.05	2712
469	2727
468.95	2654
468.9	2758
468.85	2757
468.8	2682
468.75	2687
468.7	2722
468.65	2810
468.6	2741
468.55	2676
468.5	2729
468.45	2755
468.4	2666
468.35	2771
468.3	2803
468.25	2730
468.2	2742
468.15	2835
468.1	2767
468.05	2841
468	2806
467.95	2740
467.9	2796
467.85	2792
467.8	2739
467.75	2846
467.7	2753
467.65	2761
467.6	2895
467.55	2882
467.5	2886
467.45	2870
467.4	2857
467.35	2786
467.3	2899
467.25	2860
467.2	2870
467.15	2905
467.1	2860
467.05	2980
467	2867
466.95	2892
466.9	2837
466.85	2770
466.8	2760
466.75	2806
466.7	2926
466.65	2797
466.6	2811
466.55	2795
466.5	2852
466.45	2820
466.4	2756
466.35	2804
466.3	2798
466.25	2810
466.2	2777
466.15	2767
466.1	2724
466.05	2758
466	2665
465.95	2743
465.9	2756
465.85	2636
465.8	2699
465.75	2646
465.7	2671
465.65	2637
465.6	2622
465.55	2676
465.5	2657
465.45	2536
465.4	2523
465.35	2559
465.3	2545
465.25	2550
465.2	2603
465.15	2504
465.1	2576
465.05	2526
465	2499
464.95	2545
464.9	2471
464.85	2408
464.8	2515
464.75	2462
464.7	2588
464.65	2579
464.6	2523
464.55	2499
464.5	2460
464.45	2445
464.4	2461
464.35	2437
464.3	2350
464.25	2492
464.2	2448
464.15	2390
464.1	2441
464.05	2529
464	2452
463.95	2444
463.9	2496
463.85	2407
463.8	2331
463.75	2444
463.7	2395
463.65	2497
463.6	2365
463.55	2362
463.5	2355
463.45	2426
463.4	2465
463.35	2341
463.3	2410
463.25	2408
463.2	2375
463.15	2388
463.1	2321
463.05	2424
463	2449
462.95	2421
462.9	2326
462.85	2462
462.8	2469
462.75	2455
462.7	2390
462.65	2419
462.6	2387
462.55	2444
462.5	2452
462.45	2506
462.4	2505
462.35	2496
462.3	2531
462.25	2565
462.2	2526
462.15	2483
462.1	2591
462.05	2619
462	2638
461.95	2635
461.9	2704
461.85	2707
461.8	2759
461.75	2757
461.7	2787
461.65	2741
461.6	2955
461.55	2978
461.5	3030
461.45	3040
461.4	3125
461.35	3159
461.3	3130
461.25	3165
461.2	3144
461.15	3188
461.1	3042
461.05	3087
461	3246
460.95	3099
460.9	3068
460.85	3120
460.8	3073
460.75	3064
460.7	2923
460.65	2946
460.6	2855
460.55	2879
460.5	2810
460.45	2896
460.4	2789
460.35	2802
460.3	2697
460.25	2694
460.2	2748
460.15	2653
460.1	2647
460.05	2595
460	2488
459.95	2491
459.9	2628
459.85	2524
459.8	2535
459.75	2521
459.7	2637
459.65	2463
459.6	2381
459.55	2471
459.5	2420
459.45	2418
459.4	2409
459.35	2532
459.3	2480
459.25	2361
459.2	2387
459.15	2457
459.1	2321
459.05	2344
459	2342
458.95	2297
458.9	2370
458.85	2359
458.8	2308
458.75	2415
458.7	2364
458.65	2317
458.6	2219
458.55	2273
458.5	2311
458.45	2281
458.4	2351
458.35	2210
458.3	2332
458.25	2291
458.2	2307
458.15	2244
458.1	2259
458.05	2236
458	2220
457.95	2232
457.9	2236
457.85	2195
457.8	2181
457.75	2257
457.7	2212
457.65	2190
457.6	2102
457.55	2172
457.5	2179
457.45	2182
457.4	2241
457.35	2232
457.3	2110
457.25	2133
457.2	2108
457.15	2197
457.1	2149
457.05	2131
457	2196
456.95	2107
456.9	2060
456.85	2146
456.8	2094
456.75	2077
456.7	2103
456.65	2114
456.6	2111
456.55	2127
456.5	2135
456.45	2033
456.4	2131
456.35	2180
456.3	2083
456.25	2188
456.2	2167
456.15	2044
456.1	2140
456.05	2114
456	2118
455.95	2096
455.9	2200
455.85	2101
455.8	2142
455.75	2049
455.7	2098
455.65	2003
455.6	2083
455.55	2109
455.5	2075
455.45	2172
455.4	2023
455.35	2136
455.3	2093
455.25	2150
455.2	2146
455.15	2131
455.1	2043
455.05	2083
455	2059
454.95	2134
454.9	2031
454.85	2080
454.8	2124
454.75	2091
454.7	2052
454.65	2092
454.6	2007
454.55	2062
454.5	2049
454.45	2021
454.4	2054
454.35	2060
454.3	2037
454.25	2065
454.2	2077
454.15	2033
454.1	1972
454.05	2098
454	2073
453.95	2022
453.9	2046
453.85	2054
453.8	2051
453.75	2053
453.7	2025
453.65	2028
453.6	2089
453.55	2038
453.5	2066
453.45	2087
453.4	2024
453.35	2098
453.3	2125
453.25	2073
453.2	2125
453.15	2181
453.1	2108
453.05	2104
453	2106
452.95	2156
452.9	2091
452.85	2121
452.8	2049
452.75	2138
452.7	2110
452.65	2068
452.6	2033
452.55	2125
452.5	2110
452.45	2031
452.4	2183
452.35	2032
452.3	2126
452.25	2080
452.2	2007
452.15	2120
452.1	2005
452.05	2058
452	2030
451.95	2054
451.9	2085
451.85	2042
451.8	2097
451.75	2105
451.7	1995
451.65	2042
451.6	2126
451.55	2064
451.5	2087
451.45	2064
451.4	2111
451.35	2032
451.3	2067
451.25	2123
451.2	2028
451.15	2126
451.1	2078
451.05	2039
451	2043
450.95	2117
450.9	2062
450.85	2088
450.8	1934
450.75	2096
450.7	2035
450.65	2037
450.6	2020
450.55	2076
450.5	2058
450.45	2072
450.4	1993
450.35	2067
450.3	2054
450.25	2035
450.2	2025
450.15	2073
450.1	2034
450.05	2060
450	2028

