Element ; Region 1 of 1; Depth Cycle 1 of 1; Time Per Step 50; Sweeps 5; Anode Mg; Photon Energy 1253.6; XPS;
1100	28289
1099.5	30714
1099	30902
1098.5	31100
1098	31208
1097.5	30759
1097	30764
1096.5	30297
1096	30531
1095.5	30406
1095	30361
1094.5	30643
1094	29769
1093.5	29963
1093	30186
1092.5	29918
1092	30153
1091.5	29818
1091	29767
1090.5	29511
1090	29382
1089.5	29618
1089	29624
1088.5	29355
1088	29313
1087.5	29377
1087	29315
1086.5	29425
1086	29355
1085.5	28916
1085	28667
1084.5	28544
1084	28854
1083.5	28808
1083	28590
1082.5	28507
1082	28447
1081.5	28291
1081	28326
1080.5	27943
1080	28211
1079.5	28164
1079	28182
1078.5	27949
1078	27810
1077.5	27919
1077	27813
1076.5	27963
1076	28312
1075.5	28572
1075	28798
1074.5	29336
1074	28775
1073.5	28299
1073	27515
1072.5	27423
1072	27373
1071.5	27255
1071	26978
1070.5	26775
1070	26415
1069.5	26869
1069	26669
1068.5	26753
1068	26803
1067.5	26677
1067	26699
1066.5	26413
1066	26479
1065.5	27112
1065	26317
1064.5	26314
1064	26322
1063.5	26349
1063	26238
1062.5	26081
1062	26126
1061.5	26191
1061	26388
1060.5	25915
1060	26047
1059.5	25813
1059	25512
1058.5	25298
1058	25586
1057.5	25733
1057	25593
1056.5	25575
1056	25351
1055.5	25581
1055	25300
1054.5	25502
1054	25168
1053.5	25224
1053	25298
1052.5	25089
1052	25005
1051.5	25167
1051	25347
1050.5	25075
1050	24828
1049.5	24869
1049	24922
1048.5	24294
1048	24398
1047.5	24355
1047	24438
1046.5	24368
1046	24325
1045.5	24504
1045	24187
1044.5	24270
1044	23881
1043.5	23863
1043	23937
1042.5	23808
1042	23928
1041.5	23730
1041	23728
1040.5	23666
1040	24140
1039.5	23902
1039	23871
1038.5	23885
1038	23889
1037.5	23653
1037	23993
1036.5	23482
1036	23664
1035.5	23616
1035	23880
1034.5	23471
1034	23678
1033.5	23591
1033	23565
1032.5	23483
1032	23457
1031.5	23305
1031	23446
1030.5	23209
1030	23259
1029.5	23520
1029	23259
1028.5	23023
1028	23330
1027.5	23255
1027	23254
1026.5	23395
1026	23042
1025.5	23093
1025	23346
1024.5	23139
1024	22969
1023.5	22955
1023	23593
1022.5	23104
1022	23018
1021.5	22972
1021	23035
1020.5	23250
1020	22993
1019.5	22844
1019	22902
1018.5	23137
1018	22810
1017.5	23025
1017	23189
1016.5	22795
1016	22961
1015.5	22828
1015	23045
1014.5	22957
1014	22804
1013.5	22859
1013	23207
1012.5	22448
1012	22951
1011.5	22698
1011	22704
1010.5	22665
1010	22617
1009.5	22691
1009	22549
1008.5	22450
1008	22462
1007.5	22325
1007	22285
1006.5	22239
1006	22340
1005.5	22380
1005	22160
1004.5	22216
1004	22162
1003.5	22151
1003	22226
1002.5	22421
1002	22413
1001.5	22360
1001	22239
1000.5	22439
1000	22357
999.5	22483
999	22180
998.5	22507
998	22478
997.5	22448
997	22555
996.5	22476
996	22089
995.5	22464
995	22375
994.5	22576
994	22151
993.5	22252
993	22217
992.5	22065
992	22211
991.5	21974
991	21886
990.5	21323
990	21203
989.5	20987
989	21019
988.5	20941
988	20766
987.5	20242
987	20342
986.5	19744
986	20249
985.5	19667
985	20125
984.5	19996
984	19715
983.5	19514
983	19590
982.5	19362
982	19120
981.5	19332
981	19273
980.5	19364
980	19006
979.5	19219
979	18901
978.5	19062
978	19098
977.5	18965
977	18979
976.5	19003
976	18741
975.5	19114
975	18919
974.5	18903
974	19009
973.5	18829
973	18950
972.5	18980
972	18841
971.5	18458
971	18633
970.5	18727
970	18616
969.5	18907
969	18648
968.5	18523
968	18609
967.5	18529
967	18735
966.5	18750
966	18579
965.5	18635
965	18531
964.5	18397
964	18675
963.5	18567
963	18375
962.5	18330
962	18622
961.5	18584
961	18664
960.5	18522
960	18529
959.5	18392
959	18562
958.5	18368
958	18201
957.5	18471
957	18748
956.5	18494
956	18266
955.5	18167
955	18531
954.5	18301
954	18152
953.5	18235
953	17948
952.5	18000
952	18309
951.5	17956
951	18167
950.5	18282
950	18094
949.5	18370
949	18325
948.5	18292
948	18531
947.5	18102
947	18242
946.5	18162
946	18223
945.5	18074
945	18087
944.5	18391
944	18075
943.5	18162
943	18285
942.5	18154
942	18075
941.5	18171
941	17992
940.5	18187
940	18104
939.5	18042
939	18017
938.5	17781
938	17951
937.5	18045
937	18105
936.5	17742
936	17910
935.5	17875
935	17865
934.5	18299
934	17858
933.5	17867
933	17922
932.5	17978
932	17225
931.5	17529
931	17483
930.5	17406
930	17290
929.5	17244
929	17350
928.5	17720
928	17182
927.5	17144
927	17305
926.5	17477
926	17352
925.5	17446
925	17320
924.5	17305
924	17473
923.5	17308
923	17170
922.5	17255
922	17179
921.5	17103
921	17380
920.5	17320
920	17241
919.5	17315
919	17103
918.5	17224
918	17310
917.5	17168
917	17255
916.5	16961
916	17149
915.5	17345
915	17061
914.5	17097
914	17079
913.5	17448
913	17171
912.5	17090
912	17214
911.5	17165
911	16983
910.5	17259
910	16957
909.5	17079
909	16890
908.5	17041
908	17061
907.5	17012
907	16927
906.5	17193
906	16953
905.5	17028
905	17359
904.5	16790
904	17203
903.5	17009
903	17053
902.5	16664
902	16856
901.5	16545
901	16802
900.5	16525
900	16456
899.5	16649
899	16715
898.5	16743
898	16774
897.5	16796
897	16555
896.5	16400
896	16718
895.5	16697
895	16622
894.5	16437
894	16674
893.5	16633
893	16637
892.5	16331
892	16546
891.5	16385
891	16549
890.5	16353
890	16218
889.5	16551
889	16496
888.5	16217
888	16534
887.5	16360
887	16170
886.5	16383
886	16303
885.5	16517
885	16319
884.5	16378
884	16247
883.5	16389
883	16191
882.5	16206
882	16340
881.5	16220
881	16219
880.5	16241
880	16089
879.5	16400
879	16178
878.5	16483
878	16576
877.5	16601
877	16625
876.5	16421
876	16398
875.5	16500
875	16598
874.5	16373
874	15807
873.5	15940
873	15965
872.5	15770
872	15647
871.5	15569
871	15626
870.5	15429
870	15379
869.5	15364
869	15449
868.5	15101
868	15265
867.5	15101
867	15124
866.5	15094
866	15104
865.5	15148
865	14820
864.5	14912
864	14738
863.5	14713
863	14867
862.5	14452
862	14656
861.5	14729
861	14697
860.5	14831
860	14871
859.5	14841
859	14740
858.5	14721
858	14780
857.5	14616
857	14589
856.5	14766
856	14881
855.5	14682
855	14714
854.5	14631
854	14683
853.5	14702
853	14690
852.5	14689
852	14858
851.5	14728
851	14662
850.5	14662
850	14728
849.5	14748
849	14906
848.5	14644
848	14618
847.5	14483
847	14449
846.5	14828
846	14779
845.5	14859
845	15010
844.5	14624
844	15061
843.5	15143
843	14900
842.5	14820
842	14851
841.5	14663
841	14637
840.5	14733
840	14603
839.5	14624
839	14463
838.5	14745
838	14504
837.5	14535
837	14562
836.5	14908
836	14786
835.5	14466
835	14720
834.5	14678
834	14697
833.5	14346
833	14416
832.5	14404
832	14326
831.5	14352
831	14521
830.5	14268
830	14277
829.5	14407
829	14345
828.5	14124
828	14305
827.5	14531
827	14081
826.5	14060
826	14150
825.5	14388
825	14320
824.5	14063
824	14114
823.5	14309
823	14087
822.5	14156
822	14159
821.5	14325
821	14464
820.5	14131
820	14314
819.5	14342
819	14232
818.5	14192
818	14260
817.5	14286
817	14406
816.5	14098
816	14026
815.5	13904
815	13605
814.5	13786
814	13771
813.5	13818
813	13856
812.5	13944
812	13774
811.5	13659
811	13792
810.5	13948
810	13858
809.5	13539
809	13860
808.5	13635
808	13900
807.5	13901
807	13820
806.5	13936
806	13483
805.5	13733
805	13849
804.5	13465
804	13501
803.5	13587
803	13580
802.5	13474
802	13502
801.5	13771
801	13696
800.5	13548
800	13950
799.5	14066
799	14635
798.5	14964
798	14963
797.5	14707
797	14512
796.5	14338
796	14166
795.5	13717
795	13672
794.5	13589
794	13528
793.5	13642
793	13388
792.5	13327
792	13444
791.5	13363
791	13223
790.5	13474
790	13369
789.5	13464
789	13263
788.5	13233
788	13399
787.5	13446
787	13353
786.5	13022
786	13346
785.5	13051
785	13240
784.5	13624
784	13992
783.5	14813
783	14986
782.5	15050
782	14778
781.5	14370
781	13919
780.5	13534
780	13437
779.5	13113
779	13076
778.5	13092
778	12869
777.5	13093
777	12737
776.5	12756
776	12784
775.5	12827
775	12646
774.5	12631
774	12799
773.5	12991
773	12887
772.5	12807
772	12666
771.5	12847
771	12773
770.5	12804
770	12759
769.5	12753
769	12611
768.5	12602
768	12484
767.5	12845
767	12765
766.5	12572
766	12744
765.5	12811
765	13019
764.5	12881
764	12869
763.5	12657
763	12869
762.5	12854
762	12794
761.5	12549
761	12447
760.5	12358
760	12342
759.5	12250
759	12227
758.5	12201
758	12314
757.5	11720
757	11793
756.5	11733
756	11758
755.5	11642
755	11434
754.5	11655
754	11387
753.5	11595
753	11517
752.5	11620
752	11371
751.5	11372
751	11556
750.5	11477
750	11569
749.5	11564
749	11500
748.5	11800
748	11731
747.5	11940
747	12288
746.5	12294
746	12727
745.5	12626
745	12858
744.5	13190
744	13175
743.5	13039
743	13063
742.5	12682
742	12269
741.5	12014
741	11808
740.5	11586
740	11638
739.5	11224
739	11019
738.5	10918
738	10906
737.5	10750
737	10709
736.5	10610
736	10442
735.5	10548
735	10255
734.5	10117
734	10106
733.5	10252
733	10147
732.5	9991
732	9879
731.5	9880
731	10053
730.5	9989
730	9901
729.5	9935
729	9929
728.5	9749
728	9672
727.5	9719
727	9735
726.5	9849
726	9890
725.5	9738
725	9737
724.5	9812
724	9955
723.5	9671
723	9690
722.5	9722
722	9758
721.5	9875
721	9748
720.5	9718
720	9958
719.5	9897
719	9976
718.5	9545
718	9677
717.5	9737
717	9758
716.5	9979
716	9797
715.5	9803
715	9813
714.5	9636
714	9815
713.5	9797
713	9789
712.5	9951
712	10002
711.5	9907
711	9641
710.5	9758
710	9750
709.5	9789
709	9870
708.5	9859
708	9891
707.5	9767
707	9658
706.5	9803
706	9718
705.5	9545
705	9553
704.5	9631
704	9767
703.5	9867
703	9493
702.5	9714
702	9640
701.5	9666
701	9672
700.5	9517
700	9531
699.5	9396
699	9275
698.5	9421
698	9303
697.5	9434
697	9405
696.5	9325
696	9523
695.5	9355
695	9243
694.5	9342
694	9398
693.5	9488
693	9195
692.5	9468
692	9360
691.5	9441
691	9205
690.5	9263
690	9398
689.5	9250
689	9244
688.5	9295
688	9335
687.5	9523
687	9301
686.5	9419
686	9525
685.5	9489
685	9604
684.5	9670
684	9601
683.5	9670
683	9685
682.5	9382
682	9560
681.5	9573
681	9565
680.5	9389
680	9673
679.5	9377
679	9405
678.5	9239
678	9354
677.5	9246
677	9348
676.5	9149
676	9158
675.5	9249
675	9330
674.5	9321
674	9407
673.5	9553
673	9554
672.5	9539
672	9484
671.5	9465
671	9522
670.5	9249
670	9228
669.5	9426
669	9344
668.5	9177
668	9307
667.5	9049
667	9110
666.5	8974
666	8844
665.5	9026
665	8796
664.5	9012
664	9028
663.5	8776
663	8864
662.5	8980
662	8663
661.5	8743
661	8906
660.5	8922
660	8946
659.5	8914
659	8888
658.5	8978
658	9022
657.5	8700
657	8802
656.5	8968
656	8948
655.5	8826
655	8666
654.5	8569
654	8762
653.5	8625
653	8567
652.5	8580
652	8571
651.5	8407
651	8419
650.5	8491
650	8508
649.5	8416
649	8349
648.5	8398
648	8335
647.5	8518
647	8210
646.5	8149
646	8473
645.5	8257
645	8339
644.5	8536
644	8233
643.5	8391
643	8442
642.5	8240
642	8316
641.5	8370
641	8097
640.5	8109
640	8028
639.5	8013
639	8131
638.5	7967
638	8189
637.5	7982
637	7926
636.5	8048
636	8129
635.5	8174
635	8034
634.5	7957
634	7976
633.5	8171
633	7959
632.5	8082
632	7998
631.5	7994
631	8276
630.5	7930
630	8054
629.5	8070
629	8106
628.5	8052
628	8029
627.5	7972
627	7955
626.5	8183
626	7897
625.5	7911
625	8069
624.5	7996
624	7913
623.5	8006
623	7904
622.5	8083
622	8067
621.5	7877
621	7994
620.5	7874
620	8108
619.5	8133
619	8102
618.5	8058
618	8007
617.5	8048
617	8088
616.5	8092
616	8135
615.5	8049
615	8012
614.5	8077
614	8023
613.5	8178
613	8129
612.5	8108
612	8018
611.5	8171
611	8025
610.5	8257
610	8113
609.5	8144
609	8110
608.5	7988
608	7875
607.5	8126
607	8112
606.5	7855
606	8137
605.5	7954
605	8142
604.5	7913
604	7979
603.5	8041
603	8025
602.5	7992
602	8131
601.5	8265
601	8162
600.5	7914
600	8025
599.5	7984
599	7936
598.5	8022
598	8164
597.5	7925
597	8142
596.5	7914
596	7889
595.5	7936
595	7924
594.5	8036
594	8035
593.5	7986
593	8038
592.5	7901
592	7989
591.5	8086
591	7997
590.5	8015
590	7909
589.5	7948
589	8002
588.5	7891
588	8073
587.5	8058
587	8050
586.5	7847
586	8057
585.5	8142
585	7908
584.5	8110
584	8185
583.5	8053
583	7772
582.5	7702
582	7649
581.5	7610
581	7663
580.5	7698
580	7646
579.5	7629
579	7653
578.5	7755
578	7699
577.5	7720
577	7846
576.5	7605
576	7669
575.5	7724
575	7614
574.5	7641
574	7666
573.5	7645
573	7745
572.5	7723
572	7513
571.5	7686
571	7711
570.5	7571
570	7721
569.5	7659
569	7584
568.5	7698
568	7824
567.5	8000
567	7903
566.5	7698
566	7615
565.5	7650
565	7630
564.5	7444
564	7603
563.5	7601
563	7382
562.5	7413
562	7398
561.5	7529
561	7437
560.5	7392
560	7525
559.5	7505
559	7508
558.5	7601
558	7442
557.5	7352
557	7452
556.5	7635
556	7434
555.5	7368
555	7391
554.5	7328
554	7295
553.5	7334
553	7328
552.5	7286
552	7272
551.5	7183
551	7318
550.5	7496
550	7392
549.5	7324
549	7052
548.5	7186
548	7164
547.5	7207
547	7150
546.5	7219
546	7012
545.5	7058
545	7182
544.5	6882
544	7150
543.5	6802
543	6799
542.5	6754
542	6722
541.5	6630
541	6735
540.5	6543
540	6754
539.5	6596
539	6560
538.5	6559
538	6670
537.5	6678
537	6683
536.5	6804
536	6992
535.5	7476
535	7863
534.5	8394
534	9272
533.5	10300
533	11099
532.5	10580
532	9815
531.5	8513
531	7716
530.5	7303
530	6954
529.5	6666
529	6546
528.5	6295
528	6370
527.5	6269
527	6331
526.5	6094
526	6344
525.5	6320
525	6321
524.5	6398
524	6416
523.5	6187
523	6144
522.5	6175
522	6071
521.5	6071
521	5983
520.5	6026
520	5908
519.5	5787
519	5833
518.5	5856
518	5883
517.5	5883
517	5812
516.5	5860
516	5770
515.5	5820
515	5930
514.5	5960
514	5753
513.5	5861
513	5840
512.5	5835
512	5819
511.5	5761
511	5910
510.5	5796
510	5961
509.5	5894
509	5858
508.5	5831
508	5918
507.5	5825
507	5790
506.5	5901
506	5818
505.5	5774
505	5872
504.5	5790
504	5773
503.5	5715
503	5821
502.5	5761
502	5904
501.5	5818
501	5776
500.5	5792
500	5739
499.5	5913
499	5903
498.5	5882
498	5862
497.5	5888
497	5912
496.5	5884
496	5835
495.5	5754
495	5798
494.5	5819
494	5795
493.5	5940
493	5900
492.5	5722
492	6093
491.5	5987
491	5856
490.5	5805
490	5962
489.5	5981
489	5899
488.5	6019
488	6031
487.5	5861
487	5769
486.5	5936
486	5831
485.5	5771
485	5907
484.5	5895
484	5821
483.5	5880
483	5875
482.5	5854
482	5883
481.5	5912
481	5896
480.5	5656
480	5623
479.5	5805
479	5788
478.5	5777
478	5778
477.5	5734
477	5778
476.5	5712
476	5667
475.5	5723
475	5772
474.5	5682
474	5719
473.5	5893
473	5793
472.5	5816
472	5930
471.5	5959
471	5936
470.5	6134
470	6177
469.5	6380
469	6440
468.5	6504
468	6751
467.5	6792
467	6769
466.5	6422
466	6135
465.5	5803
465	5562
464.5	5449
464	5409
463.5	5228
463	5547
462.5	5861
462	6322
461.5	7197
461	6827
460.5	6310
460	5724
459.5	5250
459	4995
458.5	4869
458	4760
457.5	4613
457	4573
456.5	4547
456	4545
455.5	4455
455	4372
454.5	4387
454	4337
453.5	4393
453	4469
452.5	4472
452	4315
451.5	4444
451	4489
450.5	4454
450	4298
449.5	4356
449	4314
448.5	4369
448	4660
447.5	4937
447	5082
446.5	5266
446	5302
445.5	5442
445	5477
444.5	5352
444	5196
443.5	4909
443	4772
442.5	4549
442	4341
441.5	4201
441	4142
440.5	4125
440	4000
439.5	3928
439	3960
438.5	3936
438	4032
437.5	3868
437	3814
436.5	3771
436	3793
435.5	3825
435	3844
434.5	3758
434	3702
433.5	3763
433	3623
432.5	3591
432	3555
431.5	3508
431	3598
430.5	3528
430	3726
429.5	3587
429	3521
428.5	3471
428	3581
427.5	3355
427	3547
426.5	3430
426	3607
425.5	3441
425	3552
424.5	3556
424	3595
423.5	3602
423	3610
422.5	3477
422	3413
421.5	3579
421	3428
420.5	3425
420	3537
419.5	3555
419	3589
418.5	3456
418	3563
417.5	3511
417	3484
416.5	3416
416	3457
415.5	3517
415	3436
414.5	3457
414	3531
413.5	3474
413	3472
412.5	3589
412	3492
411.5	3450
411	3479
410.5	3462
410	3544
409.5	3407
409	3464
408.5	3361
408	3357
407.5	3359
407	3394
406.5	3359
406	3418
405.5	3402
405	3328
404.5	3325
404	3356
403.5	3317
403	3387
402.5	3424
402	3362
401.5	3243
401	3361
400.5	3263
400	3403
399.5	3259
399	3259
398.5	3384
398	3373
397.5	3317
397	3363
396.5	3314
396	3281
395.5	3299
395	3351
394.5	3392
394	3513
393.5	3397
393	3332
392.5	3312
392	3417
391.5	3247
391	3321
390.5	3317
390	3389
389.5	3467
389	3305
388.5	3291
388	3288
387.5	3419
387	3288
386.5	3280
386	3372
385.5	3329
385	3452
384.5	3453
384	3381
383.5	3426
383	3322
382.5	3407
382	3278
381.5	3370
381	3268
380.5	3405
380	3269
379.5	3413
379	3417
378.5	3577
378	3560
377.5	3528
377	3419
376.5	3606
376	3491
375.5	3451
375	3509
374.5	3612
374	3489
373.5	3479
373	3604
372.5	3406
372	3575
371.5	3516
371	3538
370.5	3612
370	3513
369.5	3467
369	3460
368.5	3511
368	3520
367.5	3498
367	3575
366.5	3398
366	3575
365.5	3497
365	3460
364.5	3626
364	3596
363.5	3578
363	3541
362.5	3646
362	3530
361.5	3531
361	3555
360.5	3556
360	3539
359.5	3600
359	3567
358.5	3574
358	3607
357.5	3731
357	3550
356.5	3603
356	3523
355.5	3569
355	3548
354.5	3420
354	3539
353.5	3508
353	3501
352.5	3521
352	3667
351.5	3599
351	3643
350.5	3443
350	3511
349.5	3504
349	3545
348.5	3534
348	3536
347.5	3460
347	3494
346.5	3452
346	3481
345.5	3486
345	3343
344.5	3624
344	3572
343.5	3558
343	3532
342.5	3463
342	3497
341.5	3535
341	3453
340.5	3488
340	3540
339.5	3529
339	3545
338.5	3528
338	3477
337.5	3550
337	3496
336.5	3515
336	3526
335.5	3481
335	3608
334.5	3629
334	3532
333.5	3597
333	3586
332.5	3606
332	3624
331.5	3550
331	3674
330.5	3523
330	3565
329.5	3552
329	3563
328.5	3540
328	3556
327.5	3589
327	3523
326.5	3536
326	3551
325.5	3510
325	3492
324.5	3595
324	3604
323.5	3541
323	3612
322.5	3547
322	3639
321.5	3609
321	3504
320.5	3567
320	3475
319.5	3552
319	3450
318.5	3560
318	3460
317.5	3475
317	3419
316.5	3595
316	3592
315.5	3626
315	3681
314.5	3616
314	3503
313.5	3559
313	3582
312.5	3661
312	3664
311.5	3526
311	3497
310.5	3641
310	3553
309.5	3438
309	3594
308.5	3591
308	3627
307.5	3642
307	3678
306.5	3604
306	3676
305.5	3621
305	3846
304.5	3876
304	3818
303.5	3723
303	3742
302.5	3748
302	3617
301.5	3522
301	3495
300.5	3431
300	3432
299.5	3561
299	3369
298.5	3391
298	3394
297.5	3446
297	3370
296.5	3481
296	3302
295.5	3393
295	3373
294.5	3289
294	3429
293.5	3559
293	3555
292.5	3656
292	3531
291.5	3589
291	3517
290.5	3750
290	3730
289.5	4090
289	4530
288.5	4879
288	4558
287.5	4201
287	4111
286.5	4045
286	4161
285.5	4376
285	4378
284.5	3970
284	3551
283.5	3431
283	3140
282.5	3224
282	3161
281.5	3268
281	3234
280.5	3213
280	3281
279.5	3294
279	3151
278.5	3344
278	3209
277.5	3222
277	3226
276.5	3245
276	3174
275.5	3152
275	3262
274.5	3218
274	3145
273.5	3251
273	3062
272.5	3212
272	3095
271.5	3208
271	3226
270.5	3281
270	3255
269.5	3272
269	3265
268.5	3250
268	3401
267.5	3550
267	3743
266.5	3902
266	4366
265.5	4326
265	4200
264.5	3889
264	3511
263.5	3289
263	3059
262.5	2997
262	2921
261.5	2961
261	2800
260.5	2857
260	2798
259.5	2804
259	2901
258.5	2866
258	2884
257.5	2870
257	2744
256.5	2801
256	2739
255.5	2867
255	2835
254.5	2723
254	2850
253.5	2860
253	2790
252.5	2760
252	2851
251.5	2702
251	2817
250.5	2678
250	2793
249.5	2857
249	2751
248.5	2795
248	2741
247.5	2842
247	2803
246.5	2754
246	2835
245.5	2831
245	2840
244.5	2860
244	2758
243.5	2743
243	2848
242.5	2896
242	2844
241.5	2814
241	2900
240.5	2898
240	2871
239.5	2795
239	2849
238.5	2816
238	2953
237.5	2889
237	2839
236.5	2851
236	2892
235.5	2856
235	2843
234.5	2911
234	2818
233.5	2733
233	2771
232.5	2824
232	2779
231.5	2764
231	2779
230.5	2824
230	2765
229.5	2734
229	2783
228.5	2834
228	2798
227.5	2785
227	2718
226.5	2783
226	2834
225.5	2713
225	2824
224.5	2783
224	2783
223.5	2880
223	2813
222.5	2901
222	2857
221.5	2791
221	2891
220.5	2821
220	2762
219.5	2721
219	2792
218.5	2727
218	2888
217.5	2829
217	2794
216.5	2908
216	2864
215.5	2874
215	2829
214.5	3068
214	2791
213.5	2804
213	2829
212.5	2776
212	2964
211.5	2953
211	2842
210.5	2927
210	2836
209.5	2926
209	2815
208.5	2868
208	2833
207.5	2869
207	2801
206.5	2790
206	2742
205.5	2756
205	2777
204.5	2687
204	2750
203.5	2744
203	2794
202.5	2791
202	2673
201.5	2737
201	2738
200.5	2710
200	2718
199.5	2782
199	2793
198.5	2758
198	2709
197.5	2878
197	2847
196.5	2738
196	2814
195.5	2891
195	2975
194.5	2872
194	2995
193.5	3061
193	2859
192.5	2896
192	3042
191.5	2966
191	2847
190.5	2953
190	3042
189.5	2965
189	2956
188.5	3003
188	3082
187.5	2964
187	2879
186.5	2897
186	2879
185.5	2905
185	2904
184.5	2805
184	2919
183.5	2941
183	2914
182.5	2909
182	2922
181.5	2996
181	2993
180.5	2940
180	2957
179.5	2878
179	2886
178.5	2781
178	2755
177.5	2763
177	2693
176.5	2694
176	2644
175.5	2443
175	2525
174.5	2588
174	2482
173.5	2459
173	2445
172.5	2446
172	2401
171.5	2392
171	2486
170.5	2472
170	2684
169.5	3164
169	4202
168.5	5676
168	6703
167.5	6341
167	5000
166.5	3902
166	3343
165.5	3009
165	2673
164.5	2840
164	3660
163.5	5457
163	7405
162.5	7829
162	6818
161.5	4916
161	3726
160.5	3274
160	2797
159.5	2461
159	2212
158.5	1949
158	1886
157.5	1826
157	1724
156.5	1614
156	1529
155.5	1604
155	1609
154.5	1752
154	1815
153.5	1749
153	1766
152.5	1727
152	1625
151.5	1500
151	1379
150.5	1299
150	1339
149.5	1177
149	1184
148.5	1168
148	1209
147.5	1158
147	1160
146.5	1201
146	1204
145.5	1177
145	1153
144.5	1175
144	1160
143.5	1157
143	1182
142.5	1180
142	1173
141.5	1133
141	1157
140.5	1088
140	1147
139.5	1081
139	1109
138.5	1069
138	1111
137.5	1186
137	1126
136.5	1187
136	1162
135.5	1113
135	1094
134.5	1107
134	1056
133.5	1113
133	1014
132.5	1042
132	1023
131.5	1069
131	1128
130.5	1069
130	1058
129.5	1081
129	1087
128.5	1060
128	1155
127.5	1085
127	1081
126.5	1124
126	1140
125.5	1171
125	1072
124.5	1114
124	1124
123.5	1122
123	1151
122.5	1054
122	1253
121.5	1096
121	1157
120.5	1081
120	1145
119.5	1174
119	1130
118.5	1112
118	1053
117.5	1059
117	1088
116.5	1025
116	1118
115.5	1128
115	1119
114.5	1019
114	988
113.5	1040
113	1038
112.5	1078
112	1062
111.5	995
111	1029
110.5	994
110	1001
109.5	1017
109	1058
108.5	971
108	1040
107.5	1023
107	981
106.5	969
106	993
105.5	1032
105	1061
104.5	1010
104	1034
103.5	1013
103	1009
102.5	1075
102	1036
101.5	1096
101	1014
100.5	1047
100	1029
99.5	1032
99	1032
98.5	992
98	1044
97.5	1092
97	1130
96.5	1157
96	1227
95.5	1198
95	1319
94.5	1318
94	1348
93.5	1294
93	1291
92.5	1370
92	1377
91.5	1330
91	1194
90.5	1143
90	1039
89.5	981
89	966
88.5	924
88	892
87.5	907
87	902
86.5	938
86	926
85.5	932
85	885
84.5	891
84	899
83.5	927
83	901
82.5	847
82	894
81.5	881
81	820
80.5	791
80	845
79.5	837
79	897
78.5	799
78	824
77.5	828
77	857
76.5	804
76	817
75.5	894
75	832
74.5	831
74	753
73.5	799
73	760
72.5	744
72	799
71.5	795
71	776
70.5	767
70	847
69.5	791
69	764
68.5	846
68	900
67.5	863
67	936
66.5	930
66	918
65.5	938
65	905
64.5	838
64	878
63.5	813
63	789
62.5	834
62	798
61.5	795
61	732
60.5	777
60	776
59.5	805
59	741
58.5	804
58	820
57.5	774
57	795
56.5	851
56	810
55.5	794
55	736
54.5	834
54	799
53.5	789
53	754
52.5	769
52	718
51.5	772
51	691
50.5	730
50	727
49.5	726
49	698
48.5	709
48	714
47.5	666
47	678
46.5	721
46	682
45.5	661
45	688
44.5	732
44	726
43.5	690
43	688
42.5	764
42	768
41.5	846
41	861
40.5	903
40	949
39.5	885
39	837
38.5	714
38	679
37.5	671
37	596
36.5	609
36	644
35.5	554
35	598
34.5	691
34	822
33.5	917
33	1031
32.5	1062
32	1017
31.5	890
31	899
30.5	1076
30	1236
29.5	1265
29	1101
28.5	894
28	745
27.5	651
27	633
26.5	611
26	574
25.5	600
25	619
24.5	582
24	568
23.5	614
23	582
22.5	526
22	521
21.5	527
21	497
20.5	489
20	414
19.5	496
19	410
18.5	408
18	428
17.5	477
17	474
16.5	474
16	417
15.5	399
15	407
14.5	392
14	382
13.5	365
13	393
12.5	365
12	354
11.5	390
11	358
10.5	403
10	430
9.5	408
9	422
8.5	424
8	376
7.5	390
7	383
6.5	365
6	355
5.5	314
5	323
4.5	314
4	328
3.5	317
3	285
2.5	319
2	323
1.5	298
1	282
0.5	275
0	263
