Cycles 8; Regions 6; Anode Mg; Photon Energy 1253.6; XPS;
Bi 4f	C 1s	Na 1s	O 1s	Sr 3d	Ti 2p	
4032.5	1188.75	1655	3165	4020.83	1844.17	
Element Bi 4f; Region 1 of 6; Depth Cycle 1 of 1; Time Per Step 50; Sweeps 8; Anode Mg; Photon Energy 1253.6; XPS;
180	598
179.95	620
179.9	630
179.85	588
179.8	554
179.75	585
179.7	615
179.65	592
179.6	628
179.55	569
179.5	558
179.45	582
179.4	563
179.35	630
179.3	557
179.25	604
179.2	596
179.15	568
179.1	581
179.05	536
179	528
178.95	548
178.9	585
178.85	590
178.8	550
178.75	539
178.7	592
178.65	579
178.6	571
178.55	625
178.5	568
178.45	585
178.4	575
178.35	613
178.3	579
178.25	570
178.2	593
178.15	594
178.1	598
178.05	564
178	572
177.95	554
177.9	606
177.85	590
177.8	557
177.75	526
177.7	563
177.65	550
177.6	546
177.55	560
177.5	581
177.45	561
177.4	520
177.35	527
177.3	577
177.25	562
177.2	536
177.15	567
177.1	575
177.05	552
177	554
176.95	553
176.9	531
176.85	569
176.8	510
176.75	550
176.7	537
176.65	533
176.6	534
176.55	568
176.5	554
176.45	549
176.4	501
176.35	561
176.3	549
176.25	527
176.2	548
176.15	555
176.1	517
176.05	536
176	541
175.95	511
175.9	534
175.85	536
175.8	479
175.75	530
175.7	532
175.65	535
175.6	560
175.55	541
175.5	567
175.45	544
175.4	559
175.35	554
175.3	567
175.25	536
175.2	565
175.15	529
175.1	466
175.05	510
175	496
174.95	490
174.9	570
174.85	538
174.8	540
174.75	506
174.7	514
174.65	518
174.6	567
174.55	524
174.5	538
174.45	481
174.4	523
174.35	519
174.3	501
174.25	535
174.2	500
174.15	531
174.1	476
174.05	500
174	484
173.95	493
173.9	506
173.85	501
173.8	533
173.75	515
173.7	511
173.65	491
173.6	514
173.55	516
173.5	499
173.45	502
173.4	544
173.35	482
173.3	493
173.25	478
173.2	497
173.15	524
173.1	522
173.05	538
173	483
172.95	517
172.9	519
172.85	475
172.8	521
172.75	486
172.7	504
172.65	523
172.6	520
172.55	481
172.5	487
172.45	525
172.4	523
172.35	514
172.3	536
172.25	586
172.2	544
172.15	498
172.1	497
172.05	529
172	434
171.95	511
171.9	528
171.85	480
171.8	468
171.75	497
171.7	533
171.65	501
171.6	454
171.55	457
171.5	471
171.45	447
171.4	470
171.35	488
171.3	516
171.25	463
171.2	480
171.15	445
171.1	513
171.05	443
171	481
170.95	482
170.9	475
170.85	487
170.8	480
170.75	461
170.7	464
170.65	456
170.6	468
170.55	485
170.5	471
170.45	547
170.4	496
170.35	488
170.3	462
170.25	488
170.2	469
170.15	514
170.1	495
170.05	458
170	498
169.95	489
169.9	444
169.85	487
169.8	459
169.75	464
169.7	524
169.65	464
169.6	521
169.55	482
169.5	496
169.45	510
169.4	558
169.35	484
169.3	482
169.25	551
169.2	568
169.15	568
169.1	566
169.05	568
169	604
168.95	580
168.9	611
168.85	633
168.8	670
168.75	666
168.7	637
168.65	708
168.6	721
168.55	785
168.5	855
168.45	864
168.4	974
168.35	923
168.3	1010
168.25	1055
168.2	1124
168.15	1145
168.1	1275
168.05	1285
168	1395
167.95	1389
167.9	1386
167.85	1476
167.8	1504
167.75	1461
167.7	1545
167.65	1519
167.6	1585
167.55	1511
167.5	1574
167.45	1528
167.4	1512
167.35	1475
167.3	1415
167.25	1414
167.2	1337
167.15	1304
167.1	1277
167.05	1309
167	1156
166.95	1141
166.9	1123
166.85	1064
166.8	1071
166.75	979
166.7	1014
166.65	952
166.6	947
166.55	913
166.5	865
166.45	872
166.4	823
166.35	819
166.3	837
166.25	806
166.2	840
166.15	756
166.1	809
166.05	775
166	752
165.95	790
165.9	751
165.85	755
165.8	775
165.75	753
165.7	743
165.65	718
165.6	702
165.55	744
165.5	716
165.45	755
165.4	722
165.35	687
165.3	727
165.25	678
165.2	660
165.15	661
165.1	643
165.05	638
165	595
164.95	579
164.9	617
164.85	578
164.8	608
164.75	536
164.7	526
164.65	522
164.6	551
164.55	521
164.5	521
164.45	507
164.4	529
164.35	500
164.3	519
164.25	504
164.2	492
164.15	544
164.1	523
164.05	526
164	480
163.95	511
163.9	540
163.85	559
163.8	583
163.75	541
163.7	644
163.65	584
163.6	614
163.55	664
163.5	710
163.45	753
163.4	778
163.35	783
163.3	821
163.25	846
163.2	957
163.15	973
163.1	1062
163.05	1070
163	1212
162.95	1206
162.9	1262
162.85	1350
162.8	1444
162.75	1491
162.7	1552
162.65	1542
162.6	1718
162.55	1635
162.5	1713
162.45	1783
162.4	1845
162.35	1758
162.3	1821
162.25	1859
162.2	1757
162.15	1764
162.1	1752
162.05	1726
162	1687
161.95	1649
161.9	1605
161.85	1496
161.8	1525
161.75	1455
161.7	1412
161.65	1319
161.6	1208
161.55	1287
161.5	1228
161.45	1173
161.4	1092
161.35	1079
161.3	1110
161.25	976
161.2	963
161.15	940
161.1	953
161.05	954
161	915
160.95	846
160.9	865
160.85	839
160.8	816
160.75	774
160.7	811
160.65	833
160.6	836
160.55	812
160.5	754
160.45	805
160.4	794
160.35	777
160.3	763
160.25	786
160.2	800
160.15	789
160.1	765
160.05	778
160	797
159.95	735
159.9	716
159.85	724
159.8	700
159.75	740
159.7	659
159.65	712
159.6	673
159.55	697
159.5	657
159.45	616
159.4	605
159.35	578
159.3	538
159.25	540
159.2	600
159.15	526
159.1	499
159.05	513
159	509
158.95	480
158.9	454
158.85	453
158.8	459
158.75	431
158.7	438
158.65	434
158.6	429
158.55	433
158.5	441
158.45	401
158.4	381
158.35	402
158.3	411
158.25	439
158.2	443
158.15	419
158.1	384
158.05	415
158	394
157.95	397
157.9	409
157.85	391
157.8	409
157.75	407
157.7	398
157.65	426
157.6	421
157.55	383
157.5	395
157.45	374
157.4	428
157.35	371
157.3	388
157.25	375
157.2	422
157.15	364
157.1	396
157.05	343
157	370
156.95	342
156.9	336
156.85	344
156.8	344
156.75	349
156.7	381
156.65	369
156.6	321
156.55	341
156.5	341
156.45	319
156.4	348
156.35	309
156.3	309
156.25	329
156.2	325
156.15	316
156.1	306
156.05	315
156	324
155.95	316
155.9	305
155.85	315
155.8	311
155.75	328
155.7	289
155.65	298
155.6	292
155.55	318
155.5	365
155.45	277
155.4	317
155.35	283
155.3	295
155.25	288
155.2	319
155.15	332
155.1	309
155.05	278
155	301
154.95	289
154.9	321
154.85	296
154.8	311
154.75	315
154.7	324
154.65	328
154.6	340
154.55	346
154.5	311
154.45	343
154.4	345
154.35	363
154.3	353
154.25	342
154.2	393
154.15	370
154.1	347
154.05	362
154	357
153.95	364
153.9	347
153.85	349
153.8	373
153.75	394
153.7	363
153.65	380
153.6	373
153.55	372
153.5	348
153.45	364
153.4	354
153.35	385
153.3	340
153.25	374
153.2	383
153.15	334
153.1	351
153.05	349
153	341
152.95	319
152.9	338
152.85	340
152.8	350
152.75	342
152.7	351
152.65	380
152.6	352
152.55	332
152.5	368
152.45	355
152.4	345
152.35	324
152.3	325
152.25	384
152.2	405
152.15	331
152.1	314
152.05	340
152	351
151.95	368
151.9	303
151.85	345
151.8	331
151.75	338
151.7	331
151.65	333
151.6	318
151.55	343
151.5	309
151.45	331
151.4	324
151.35	320
151.3	315
151.25	283
151.2	308
151.15	287
151.1	335
151.05	269
151	289
150.95	316
150.9	281
150.85	274
150.8	281
150.75	310
150.7	255
150.65	266
150.6	284
150.55	264
150.5	279
150.45	265
150.4	251
150.35	271
150.3	272
150.25	267
150.2	246
150.15	261
150.1	254
150.05	277
150	254

Element C 1s; Region 2 of 6; Depth Cycle 1 of 1; Time Per Step 50; Sweeps 16; Anode Mg; Photon Energy 1253.6; XPS;
300	1395
299.95	1372
299.9	1406
299.85	1329
299.8	1408
299.75	1421
299.7	1392
299.65	1381
299.6	1378
299.55	1331
299.5	1428
299.45	1392
299.4	1344
299.35	1335
299.3	1344
299.25	1425
299.2	1356
299.15	1322
299.1	1349
299.05	1367
299	1408
298.95	1361
298.9	1402
298.85	1351
298.8	1382
298.75	1422
298.7	1373
298.65	1286
298.6	1350
298.55	1339
298.5	1305
298.45	1377
298.4	1326
298.35	1392
298.3	1331
298.25	1333
298.2	1369
298.15	1384
298.1	1356
298.05	1334
298	1333
297.95	1375
297.9	1289
297.85	1334
297.8	1388
297.75	1311
297.7	1386
297.65	1349
297.6	1317
297.55	1355
297.5	1306
297.45	1335
297.4	1282
297.35	1403
297.3	1287
297.25	1301
297.2	1253
297.15	1279
297.1	1320
297.05	1322
297	1263
296.95	1359
296.9	1282
296.85	1385
296.8	1309
296.75	1350
296.7	1365
296.65	1297
296.6	1292
296.55	1334
296.5	1323
296.45	1270
296.4	1331
296.35	1352
296.3	1393
296.25	1349
296.2	1373
296.15	1354
296.1	1329
296.05	1299
296	1368
295.95	1405
295.9	1251
295.85	1373
295.8	1345
295.75	1352
295.7	1289
295.65	1324
295.6	1320
295.55	1304
295.5	1292
295.45	1317
295.4	1310
295.35	1345
295.3	1286
295.25	1352
295.2	1358
295.15	1313
295.1	1314
295.05	1348
295	1330
294.95	1352
294.9	1315
294.85	1338
294.8	1342
294.75	1269
294.7	1308
294.65	1373
294.6	1327
294.55	1290
294.5	1295
294.45	1315
294.4	1312
294.35	1352
294.3	1270
294.25	1427
294.2	1297
294.15	1276
294.1	1377
294.05	1316
294	1323
293.95	1379
293.9	1366
293.85	1328
293.8	1234
293.75	1347
293.7	1397
293.65	1257
293.6	1409
293.55	1356
293.5	1318
293.45	1352
293.4	1312
293.35	1348
293.3	1353
293.25	1345
293.2	1373
293.15	1354
293.1	1339
293.05	1378
293	1391
292.95	1363
292.9	1394
292.85	1382
292.8	1388
292.75	1375
292.7	1423
292.65	1377
292.6	1396
292.55	1389
292.5	1399
292.45	1401
292.4	1375
292.35	1404
292.3	1442
292.25	1449
292.2	1399
292.15	1406
292.1	1408
292.05	1456
292	1417
291.95	1453
291.9	1429
291.85	1361
291.8	1416
291.75	1474
291.7	1372
291.65	1406
291.6	1424
291.55	1469
291.5	1453
291.45	1461
291.4	1473
291.35	1460
291.3	1470
291.25	1368
291.2	1471
291.15	1419
291.1	1486
291.05	1379
291	1369
290.95	1400
290.9	1411
290.85	1503
290.8	1431
290.75	1384
290.7	1403
290.65	1459
290.6	1426
290.55	1449
290.5	1404
290.45	1423
290.4	1465
290.35	1453
290.3	1443
290.25	1378
290.2	1486
290.15	1479
290.1	1451
290.05	1387
290	1459
289.95	1488
289.9	1411
289.85	1500
289.8	1536
289.75	1485
289.7	1541
289.65	1507
289.6	1449
289.55	1454
289.5	1546
289.45	1512
289.4	1560
289.35	1568
289.3	1606
289.25	1633
289.2	1633
289.15	1651
289.1	1668
289.05	1756
289	1739
288.95	1794
288.9	1804
288.85	1783
288.8	1906
288.75	1865
288.7	1956
288.65	2003
288.6	1863
288.55	1947
288.5	2077
288.45	2012
288.4	2048
288.35	2138
288.3	2084
288.25	2011
288.2	2038
288.15	2053
288.1	2002
288.05	2016
288	2091
287.95	2060
287.9	2032
287.85	2001
287.8	1968
287.75	1953
287.7	1935
287.65	1963
287.6	1959
287.55	1868
287.5	1836
287.45	1862
287.4	1808
287.35	1835
287.3	1838
287.25	1813
287.2	1778
287.15	1776
287.1	1734
287.05	1760
287	1770
286.95	1703
286.9	1718
286.85	1726
286.8	1657
286.75	1774
286.7	1733
286.65	1703
286.6	1658
286.55	1705
286.5	1662
286.45	1793
286.4	1770
286.35	1792
286.3	1728
286.25	1740
286.2	1809
286.15	1770
286.1	1757
286.05	1737
286	1840
285.95	1731
285.9	1729
285.85	1763
285.8	1762
285.75	1747
285.7	1836
285.65	1797
285.6	1698
285.55	1753
285.5	1754
285.45	1924
285.4	1758
285.35	1751
285.3	1687
285.25	1762
285.2	1715
285.15	1723
285.1	1646
285.05	1627
285	1557
284.95	1668
284.9	1565
284.85	1553
284.8	1590
284.75	1510
284.7	1567
284.65	1488
284.6	1510
284.55	1486
284.5	1504
284.45	1499
284.4	1491
284.35	1427
284.3	1403
284.25	1464
284.2	1389
284.15	1449
284.1	1405
284.05	1394
284	1305
283.95	1373
283.9	1377
283.85	1366
283.8	1354
283.75	1331
283.7	1330
283.65	1350
283.6	1269
283.55	1288
283.5	1359
283.45	1224
283.4	1270
283.35	1311
283.3	1339
283.25	1326
283.2	1344
283.15	1293
283.1	1338
283.05	1392
283	1324
282.95	1305
282.9	1369
282.85	1276
282.8	1279
282.75	1285
282.7	1286
282.65	1216
282.6	1309
282.55	1233
282.5	1259
282.45	1242
282.4	1273
282.35	1240
282.3	1256
282.25	1302
282.2	1252
282.15	1219
282.1	1272
282.05	1269
282	1284
281.95	1267
281.9	1241
281.85	1253
281.8	1246
281.75	1209
281.7	1207
281.65	1215
281.6	1239
281.55	1278
281.5	1247
281.45	1250
281.4	1240
281.35	1203
281.3	1324
281.25	1282
281.2	1235
281.15	1296
281.1	1200
281.05	1271
281	1213
280.95	1278
280.9	1237
280.85	1314
280.8	1277
280.75	1248
280.7	1258
280.65	1301
280.6	1258
280.55	1269
280.5	1263
280.45	1295
280.4	1238
280.35	1299
280.3	1289
280.25	1274
280.2	1285
280.15	1249
280.1	1294
280.05	1284
280	1302
279.95	1247
279.9	1276
279.85	1334
279.8	1325
279.75	1211
279.7	1291
279.65	1320
279.6	1275
279.55	1281
279.5	1305
279.45	1277
279.4	1211
279.35	1292
279.3	1335
279.25	1328
279.2	1297
279.15	1321
279.1	1270
279.05	1209
279	1278
278.95	1302
278.9	1368
278.85	1255
278.8	1244
278.75	1259
278.7	1306
278.65	1308
278.6	1329
278.55	1307
278.5	1235
278.45	1345
278.4	1295
278.35	1300
278.3	1261
278.25	1287
278.2	1285
278.15	1351
278.1	1277
278.05	1230
278	1319
277.95	1344
277.9	1318
277.85	1242
277.8	1320
277.75	1281
277.7	1272
277.65	1320
277.6	1326
277.55	1372
277.5	1277
277.45	1333
277.4	1224
277.35	1309
277.3	1267
277.25	1328
277.2	1337
277.15	1286
277.1	1356
277.05	1312
277	1296
276.95	1245
276.9	1331
276.85	1296
276.8	1279
276.75	1321
276.7	1297
276.65	1302
276.6	1194
276.55	1315
276.5	1295
276.45	1278
276.4	1275
276.35	1245
276.3	1347
276.25	1264
276.2	1271
276.15	1279
276.1	1236
276.05	1285
276	1285
275.95	1224
275.9	1269
275.85	1323
275.8	1256
275.75	1227
275.7	1283
275.65	1272
275.6	1260
275.55	1241
275.5	1301
275.45	1268
275.4	1271
275.35	1264
275.3	1254
275.25	1203
275.2	1285
275.15	1235
275.1	1254
275.05	1217
275	1187

Element Na 1s; Region 3 of 6; Depth Cycle 1 of 1; Time Per Step 50; Sweeps 24; Anode Mg; Photon Energy 1253.6; XPS;
1086	17051
1085.95	16960
1085.9	17107
1085.85	17042
1085.8	17363
1085.75	17083
1085.7	17383
1085.65	16990
1085.6	17190
1085.55	16908
1085.5	17006
1085.45	17257
1085.4	17169
1085.35	17024
1085.3	17028
1085.25	16884
1085.2	17192
1085.15	17042
1085.1	17044
1085.05	17048
1085	16931
1084.95	16946
1084.9	17251
1084.85	17065
1084.8	16999
1084.75	16895
1084.7	17193
1084.65	17080
1084.6	16886
1084.55	16991
1084.5	17011
1084.45	17030
1084.4	16922
1084.35	16968
1084.3	17140
1084.25	17030
1084.2	17063
1084.15	16875
1084.1	17062
1084.05	16951
1084	16975
1083.95	16972
1083.9	16829
1083.85	17026
1083.8	17010
1083.75	17133
1083.7	16770
1083.65	16933
1083.6	16784
1083.55	16976
1083.5	17172
1083.45	17074
1083.4	16929
1083.35	17152
1083.3	16610
1083.25	16609
1083.2	17044
1083.15	16731
1083.1	16769
1083.05	17066
1083	16713
1082.95	16801
1082.9	16886
1082.85	16567
1082.8	16894
1082.75	16767
1082.7	16841
1082.65	17078
1082.6	16917
1082.55	16970
1082.5	16889
1082.45	16867
1082.4	17110
1082.35	16679
1082.3	16795
1082.25	16850
1082.2	16628
1082.15	16987
1082.1	16669
1082.05	16894
1082	16850
1081.95	16718
1081.9	16548
1081.85	16993
1081.8	16933
1081.75	16804
1081.7	17026
1081.65	16765
1081.6	16759
1081.55	16727
1081.5	16838
1081.45	16802
1081.4	16609
1081.35	16782
1081.3	16749
1081.25	16667
1081.2	16660
1081.15	16588
1081.1	16857
1081.05	16744
1081	16672
1080.95	16750
1080.9	16589
1080.85	16786
1080.8	16673
1080.75	16598
1080.7	16629
1080.65	16768
1080.6	16689
1080.55	16983
1080.5	16610
1080.45	16822
1080.4	16618
1080.35	16565
1080.3	16554
1080.25	16644
1080.2	16483
1080.15	16676
1080.1	16700
1080.05	16776
1080	16604
1079.95	16667
1079.9	16573
1079.85	16649
1079.8	16593
1079.75	16888
1079.7	16677
1079.65	16619
1079.6	16594
1079.55	16667
1079.5	16468
1079.45	16902
1079.4	16829
1079.35	16613
1079.3	16461
1079.25	16572
1079.2	16696
1079.15	16644
1079.1	16464
1079.05	16520
1079	16719
1078.95	16549
1078.9	16478
1078.85	16647
1078.8	16514
1078.75	16394
1078.7	16328
1078.65	16660
1078.6	16701
1078.55	16651
1078.5	16534
1078.45	16281
1078.4	16564
1078.35	16618
1078.3	16505
1078.25	16461
1078.2	16224
1078.15	16467
1078.1	16451
1078.05	16672
1078	16720
1077.95	16386
1077.9	16562
1077.85	16175
1077.8	16639
1077.75	16753
1077.7	16300
1077.65	16320
1077.6	16348
1077.55	16454
1077.5	16479
1077.45	16353
1077.4	16484
1077.35	16464
1077.3	16323
1077.25	16469
1077.2	16423
1077.15	16367
1077.1	16447
1077.05	16443
1077	16509
1076.95	16434
1076.9	16560
1076.85	16569
1076.8	16312
1076.75	16298
1076.7	16482
1076.65	16531
1076.6	16485
1076.55	16570
1076.5	16536
1076.45	16344
1076.4	16534
1076.35	16493
1076.3	16473
1076.25	16394
1076.2	16272
1076.15	16749
1076.1	16646
1076.05	16381
1076	16627
1075.95	16253
1075.9	16393
1075.85	16498
1075.8	16997
1075.75	16630
1075.7	16518
1075.65	16622
1075.6	16553
1075.55	16669
1075.5	16544
1075.45	16653
1075.4	16622
1075.35	16563
1075.3	16828
1075.25	16737
1075.2	16822
1075.15	16908
1075.1	16670
1075.05	17074
1075	16853
1074.95	17210
1074.9	16896
1074.85	17155
1074.8	17232
1074.75	17188
1074.7	17196
1074.65	17230
1074.6	17380
1074.55	17396
1074.5	17335
1074.45	17250
1074.4	17387
1074.35	17346
1074.3	17083
1074.25	17157
1074.2	17326
1074.15	17108
1074.1	17418
1074.05	17213
1074	17340
1073.95	16963
1073.9	17327
1073.85	17186
1073.8	17024
1073.75	17039
1073.7	16883
1073.65	17162
1073.6	16813
1073.55	16820
1073.5	16734
1073.45	16689
1073.4	16755
1073.35	16855
1073.3	16951
1073.25	16682
1073.2	16643
1073.15	16676
1073.1	16725
1073.05	16475
1073	16623
1072.95	16444
1072.9	16475
1072.85	16393
1072.8	16516
1072.75	16451
1072.7	16189
1072.65	16299
1072.6	16745
1072.55	16355
1072.5	16309
1072.45	16458
1072.4	16471
1072.35	16281
1072.3	16601
1072.25	16309
1072.2	16264
1072.15	16172
1072.1	16292
1072.05	16322
1072	16344
1071.95	16204
1071.9	16107
1071.85	16017
1071.8	16026
1071.75	16123
1071.7	16385
1071.65	16073
1071.6	16166
1071.55	16308
1071.5	16336
1071.45	16063
1071.4	16025
1071.35	16021
1071.3	15927
1071.25	15813
1071.2	15871
1071.15	15992
1071.1	16277
1071.05	15838
1071	16088
1070.95	15824
1070.9	15826
1070.85	15845
1070.8	15961
1070.75	16168
1070.7	15807
1070.65	15970
1070.6	16080
1070.55	15812
1070.5	15786
1070.45	15964
1070.4	15780
1070.35	15703
1070.3	15907
1070.25	15785
1070.2	16018
1070.15	15975
1070.1	15837
1070.05	15892
1070	15886
1069.95	15724
1069.9	16228
1069.85	15766
1069.8	15571
1069.75	15988
1069.7	15915
1069.65	15703
1069.6	15950
1069.55	15943
1069.5	15918
1069.45	15940
1069.4	15838
1069.35	15809
1069.3	15882
1069.25	15604
1069.2	15907
1069.15	15702
1069.1	15680
1069.05	15738
1069	15675
1068.95	15615
1068.9	15796
1068.85	15642
1068.8	15795
1068.75	15709
1068.7	15731
1068.65	15819
1068.6	15862
1068.55	15718
1068.5	15719
1068.45	15871
1068.4	15815
1068.35	15644
1068.3	15731
1068.25	15712
1068.2	15739
1068.15	15689
1068.1	15703
1068.05	15832
1068	15777
1067.95	15684
1067.9	15543
1067.85	15803
1067.8	16010
1067.75	15432
1067.7	15695
1067.65	15640
1067.6	15588
1067.55	15735
1067.5	15514
1067.45	15958
1067.4	15646
1067.35	15627
1067.3	15774
1067.25	15685
1067.2	15647
1067.15	15432
1067.1	15672
1067.05	15694
1067	15848
1066.95	15890
1066.9	15798
1066.85	15684
1066.8	15664
1066.75	15714
1066.7	15658
1066.65	15489
1066.6	15547
1066.55	15655
1066.5	15662
1066.45	15884
1066.4	15643
1066.35	15919
1066.3	15903
1066.25	15831
1066.2	15710
1066.15	15631
1066.1	15842
1066.05	15691
1066	15832

Element O 1s; Region 4 of 6; Depth Cycle 1 of 1; Time Per Step 50; Sweeps 8; Anode Mg; Photon Energy 1253.6; XPS;
550	1541
549.95	1499
549.9	1477
549.85	1577
549.8	1442
549.75	1521
549.7	1499
549.65	1470
549.6	1557
549.55	1488
549.5	1493
549.45	1483
549.4	1458
549.35	1485
549.3	1518
549.25	1483
549.2	1527
549.15	1524
549.1	1442
549.05	1500
549	1515
548.95	1605
548.9	1436
548.85	1467
548.8	1469
548.75	1461
548.7	1455
548.65	1419
548.6	1408
548.55	1464
548.5	1465
548.45	1484
548.4	1446
548.35	1542
548.3	1453
548.25	1496
548.2	1484
548.15	1403
548.1	1471
548.05	1524
548	1498
547.95	1406
547.9	1418
547.85	1457
547.8	1439
547.75	1470
547.7	1449
547.65	1430
547.6	1508
547.55	1512
547.5	1492
547.45	1520
547.4	1402
547.35	1558
547.3	1492
547.25	1460
547.2	1474
547.15	1475
547.1	1508
547.05	1475
547	1530
546.95	1436
546.9	1482
546.85	1483
546.8	1410
546.75	1440
546.7	1481
546.65	1498
546.6	1506
546.55	1449
546.5	1450
546.45	1466
546.4	1421
546.35	1444
546.3	1456
546.25	1472
546.2	1493
546.15	1469
546.1	1504
546.05	1462
546	1443
545.95	1446
545.9	1412
545.85	1484
545.8	1460
545.75	1458
545.7	1455
545.65	1464
545.6	1445
545.55	1427
545.5	1400
545.45	1426
545.4	1392
545.35	1457
545.3	1458
545.25	1437
545.2	1419
545.15	1422
545.1	1369
545.05	1390
545	1426
544.95	1434
544.9	1401
544.85	1449
544.8	1400
544.75	1433
544.7	1421
544.65	1505
544.6	1350
544.55	1465
544.5	1428
544.45	1426
544.4	1385
544.35	1442
544.3	1416
544.25	1485
544.2	1447
544.15	1379
544.1	1483
544.05	1427
544	1401
543.95	1479
543.9	1449
543.85	1444
543.8	1452
543.75	1456
543.7	1422
543.65	1396
543.6	1388
543.55	1393
543.5	1370
543.45	1385
543.4	1369
543.35	1356
543.3	1423
543.25	1436
543.2	1390
543.15	1510
543.1	1454
543.05	1382
543	1484
542.95	1372
542.9	1426
542.85	1441
542.8	1448
542.75	1399
542.7	1406
542.65	1392
542.6	1400
542.55	1445
542.5	1416
542.45	1339
542.4	1429
542.35	1371
542.3	1394
542.25	1421
542.2	1396
542.15	1332
542.1	1395
542.05	1406
542	1379
541.95	1331
541.9	1405
541.85	1428
541.8	1345
541.75	1383
541.7	1366
541.65	1379
541.6	1340
541.55	1441
541.5	1330
541.45	1334
541.4	1447
541.35	1375
541.3	1398
541.25	1340
541.2	1342
541.15	1318
541.1	1421
541.05	1372
541	1335
540.95	1405
540.9	1357
540.85	1336
540.8	1413
540.75	1385
540.7	1327
540.65	1380
540.6	1323
540.55	1369
540.5	1383
540.45	1336
540.4	1335
540.35	1378
540.3	1370
540.25	1355
540.2	1393
540.15	1358
540.1	1322
540.05	1310
540	1303
539.95	1312
539.9	1332
539.85	1371
539.8	1353
539.75	1300
539.7	1310
539.65	1330
539.6	1349
539.55	1346
539.5	1344
539.45	1385
539.4	1286
539.35	1302
539.3	1446
539.25	1262
539.2	1315
539.15	1327
539.1	1335
539.05	1349
539	1313
538.95	1297
538.9	1342
538.85	1358
538.8	1310
538.75	1271
538.7	1277
538.65	1270
538.6	1287
538.55	1311
538.5	1299
538.45	1326
538.4	1291
538.35	1308
538.3	1324
538.25	1284
538.2	1242
538.15	1282
538.1	1312
538.05	1320
538	1241
537.95	1310
537.9	1302
537.85	1243
537.8	1228
537.75	1305
537.7	1367
537.65	1325
537.6	1324
537.55	1244
537.5	1230
537.45	1312
537.4	1346
537.35	1297
537.3	1289
537.25	1337
537.2	1299
537.15	1249
537.1	1259
537.05	1274
537	1336
536.95	1313
536.9	1278
536.85	1340
536.8	1332
536.75	1305
536.7	1290
536.65	1341
536.6	1347
536.55	1308
536.5	1328
536.45	1254
536.4	1309
536.35	1367
536.3	1343
536.25	1321
536.2	1339
536.15	1442
536.1	1285
536.05	1414
536	1382
535.95	1350
535.9	1333
535.85	1291
535.8	1363
535.75	1348
535.7	1365
535.65	1340
535.6	1410
535.55	1420
535.5	1406
535.45	1484
535.4	1326
535.35	1380
535.3	1409
535.25	1400
535.2	1399
535.15	1457
535.1	1403
535.05	1487
535	1466
534.95	1430
534.9	1481
534.85	1499
534.8	1468
534.75	1490
534.7	1514
534.65	1568
534.6	1479
534.55	1524
534.5	1538
534.45	1591
534.4	1643
534.35	1574
534.3	1464
534.25	1637
534.2	1530
534.15	1593
534.1	1612
534.05	1561
534	1676
533.95	1659
533.9	1635
533.85	1634
533.8	1602
533.75	1743
533.7	1669
533.65	1700
533.6	1681
533.55	1729
533.5	1763
533.45	1789
533.4	1832
533.35	1852
533.3	1874
533.25	1945
533.2	1970
533.15	2048
533.1	2081
533.05	2239
533	2146
532.95	2100
532.9	2200
532.85	2232
532.8	2268
532.75	2207
532.7	2271
532.65	2287
532.6	2259
532.55	2360
532.5	2301
532.45	2341
532.4	2365
532.35	2340
532.3	2321
532.25	2271
532.2	2191
532.15	2180
532.1	2239
532.05	2122
532	2151
531.95	2104
531.9	2113
531.85	2056
531.8	2008
531.75	1967
531.7	1948
531.65	1946
531.6	1900
531.55	1894
531.5	1815
531.45	1813
531.4	1825
531.35	1729
531.3	1742
531.25	1683
531.2	1673
531.15	1702
531.1	1631
531.05	1632
531	1609
530.95	1614
530.9	1569
530.85	1531
530.8	1600
530.75	1598
530.7	1636
530.65	1484
530.6	1577
530.55	1484
530.5	1423
530.45	1478
530.4	1495
530.35	1523
530.3	1510
530.25	1492
530.2	1425
530.15	1453
530.1	1404
530.05	1476
530	1480
529.95	1491
529.9	1396
529.85	1402
529.8	1415
529.75	1328
529.7	1347
529.65	1342
529.6	1452
529.55	1328
529.5	1342
529.45	1370
529.4	1336
529.35	1353
529.3	1403
529.25	1323
529.2	1273
529.15	1349
529.1	1279
529.05	1262
529	1300
528.95	1298
528.9	1305
528.85	1310
528.8	1236
528.75	1239
528.7	1313
528.65	1244
528.6	1220
528.55	1241
528.5	1305
528.45	1208
528.4	1244
528.35	1249
528.3	1299
528.25	1247
528.2	1261
528.15	1220
528.1	1270
528.05	1268
528	1300
527.95	1231
527.9	1254
527.85	1266
527.8	1304
527.75	1257
527.7	1243
527.65	1199
527.6	1266
527.55	1252
527.5	1263
527.45	1197
527.4	1258
527.35	1201
527.3	1216
527.25	1187
527.2	1180
527.15	1243
527.1	1271
527.05	1210
527	1212
526.95	1209
526.9	1187
526.85	1193
526.8	1239
526.75	1185
526.7	1237
526.65	1219
526.6	1268
526.55	1186
526.5	1236
526.45	1257
526.4	1269
526.35	1271
526.3	1146
526.25	1217
526.2	1248
526.15	1251
526.1	1223
526.05	1192
526	1278
525.95	1250
525.9	1238
525.85	1249
525.8	1220
525.75	1239
525.7	1235
525.65	1289
525.6	1278
525.55	1323
525.5	1257
525.45	1212
525.4	1256
525.35	1264
525.3	1198
525.25	1270
525.2	1235
525.15	1222
525.1	1221
525.05	1229
525	1279
524.95	1270
524.9	1292
524.85	1288
524.8	1228
524.75	1284
524.7	1208
524.65	1297
524.6	1291
524.55	1302
524.5	1243
524.45	1334
524.4	1241
524.35	1262
524.3	1303
524.25	1296
524.2	1235
524.15	1323
524.1	1268
524.05	1276
524	1284
523.95	1373
523.9	1371
523.85	1247
523.8	1323
523.75	1272
523.7	1300
523.65	1333
523.6	1387
523.55	1287
523.5	1270
523.45	1318
523.4	1295
523.35	1240
523.3	1331
523.25	1344
523.2	1339
523.15	1341
523.1	1324
523.05	1309
523	1319
522.95	1311
522.9	1235
522.85	1314
522.8	1242
522.75	1360
522.7	1271
522.65	1291
522.6	1275
522.55	1301
522.5	1255
522.45	1234
522.4	1278
522.35	1312
522.3	1284
522.25	1264
522.2	1372
522.15	1316
522.1	1360
522.05	1257
522	1248
521.95	1279
521.9	1238
521.85	1260
521.8	1241
521.75	1227
521.7	1289
521.65	1250
521.6	1241
521.55	1223
521.5	1238
521.45	1260
521.4	1273
521.35	1219
521.3	1236
521.25	1277
521.2	1193
521.15	1205
521.1	1252
521.05	1233
521	1204
520.95	1201
520.9	1236
520.85	1271
520.8	1227
520.75	1239
520.7	1156
520.65	1226
520.6	1255
520.55	1216
520.5	1197
520.45	1211
520.4	1236
520.35	1260
520.3	1209
520.25	1222
520.2	1198
520.15	1280
520.1	1228
520.05	1263
520	1165
519.95	1205
519.9	1183
519.85	1184
519.8	1248
519.75	1252
519.7	1195
519.65	1206
519.6	1206
519.55	1138
519.5	1150
519.45	1267
519.4	1276
519.35	1251
519.3	1179
519.25	1198
519.2	1202
519.15	1197
519.1	1214
519.05	1173
519	1210
518.95	1179
518.9	1303
518.85	1208
518.8	1240
518.75	1186
518.7	1192
518.65	1189
518.6	1239
518.55	1229
518.5	1140
518.45	1196
518.4	1174
518.35	1203
518.3	1225
518.25	1195
518.2	1200
518.15	1208
518.1	1143
518.05	1246
518	1162
517.95	1225
517.9	1191
517.85	1243
517.8	1156
517.75	1223
517.7	1157
517.65	1113
517.6	1127
517.55	1155
517.5	1206
517.45	1182
517.4	1175
517.35	1238
517.3	1200
517.25	1218
517.2	1198
517.15	1245
517.1	1148
517.05	1214
517	1249
516.95	1234
516.9	1208
516.85	1185
516.8	1191
516.75	1219
516.7	1159
516.65	1147
516.6	1214
516.55	1246
516.5	1183
516.45	1242
516.4	1213
516.35	1231
516.3	1200
516.25	1225
516.2	1231
516.15	1163
516.1	1220
516.05	1222
516	1147
515.95	1248
515.9	1208
515.85	1220
515.8	1108
515.75	1240
515.7	1099
515.65	1147
515.6	1181
515.55	1203
515.5	1218
515.45	1195
515.4	1197
515.35	1178
515.3	1210
515.25	1191
515.2	1232
515.15	1179
515.1	1255
515.05	1165
515	1187

Element Sr 3d; Region 5 of 6; Depth Cycle 1 of 1; Time Per Step 50; Sweeps 24; Anode Mg; Photon Energy 1253.6; XPS;
165	1899
164.95	1843
164.9	1842
164.85	1902
164.8	1772
164.75	1762
164.7	1779
164.65	1668
164.6	1562
164.55	1599
164.5	1574
164.45	1627
164.4	1565
164.35	1525
164.3	1544
164.25	1492
164.2	1503
164.15	1558
164.1	1611
164.05	1516
164	1601
163.95	1575
163.9	1599
163.85	1662
163.8	1711
163.75	1672
163.7	1833
163.65	1815
163.6	1933
163.55	2081
163.5	2017
163.45	2181
163.4	2217
163.35	2368
163.3	2453
163.25	2603
163.2	2756
163.15	2891
163.1	3085
163.05	3235
163	3416
162.95	3663
162.9	3886
162.85	3966
162.8	4307
162.75	4401
162.7	4607
162.65	4614
162.6	4816
162.55	4964
162.5	5147
162.45	5231
162.4	5406
162.35	5219
162.3	5389
162.25	5326
162.2	5155
162.15	5290
162.1	5203
162.05	5092
162	5032
161.95	4877
161.9	4737
161.85	4525
161.8	4341
161.75	4314
161.7	4021
161.65	3968
161.6	3835
161.55	3801
161.5	3579
161.45	3456
161.4	3287
161.35	3237
161.3	3202
161.25	3017
161.2	2903
161.15	2838
161.1	2745
161.05	2689
161	2656
160.95	2676
160.9	2592
160.85	2528
160.8	2563
160.75	2514
160.7	2464
160.65	2361
160.6	2553
160.55	2470
160.5	2443
160.45	2408
160.4	2320
160.35	2353
160.3	2391
160.25	2366
160.2	2409
160.15	2315
160.1	2334
160.05	2321
160	2362
159.95	2245
159.9	2196
159.85	2166
159.8	2034
159.75	2087
159.7	2057
159.65	2124
159.6	1949
159.55	1924
159.5	1854
159.45	1875
159.4	1775
159.35	1755
159.3	1757
159.25	1605
159.2	1575
159.15	1599
159.1	1595
159.05	1559
159	1484
158.95	1427
158.9	1441
158.85	1381
158.8	1416
158.75	1379
158.7	1330
158.65	1400
158.6	1331
158.55	1242
158.5	1257
158.45	1307
158.4	1309
158.35	1174
158.3	1234
158.25	1264
158.2	1217
158.15	1227
158.1	1238
158.05	1275
158	1221
157.95	1201
157.9	1235
157.85	1242
157.8	1207
157.75	1245
157.7	1269
157.65	1192
157.6	1239
157.55	1203
157.5	1279
157.45	1202
157.4	1142
157.35	1137
157.3	1210
157.25	1120
157.2	1139
157.15	1169
157.1	1187
157.05	1132
157	1141
156.95	1062
156.9	1098
156.85	1128
156.8	1073
156.75	1054
156.7	1009
156.65	1078
156.6	1017
156.55	1028
156.5	1017
156.45	1024
156.4	1014
156.35	979
156.3	985
156.25	1012
156.2	983
156.15	973
156.1	962
156.05	911
156	970
155.95	916
155.9	917
155.85	906
155.8	952
155.75	960
155.7	922
155.65	950
155.6	943
155.55	936
155.5	868
155.45	937
155.4	888
155.35	926
155.3	880
155.25	899
155.2	895
155.15	888
155.1	927
155.05	938
155	862
154.95	953
154.9	961
154.85	941
154.8	905
154.75	930
154.7	914
154.65	937
154.6	980
154.55	972
154.5	971
154.45	1008
154.4	1032
154.35	988
154.3	1033
154.25	1070
154.2	1098
154.15	1066
154.1	1122
154.05	1076
154	1074
153.95	1094
153.9	1104
153.85	1072
153.8	1064
153.75	1066
153.7	1069
153.65	1122
153.6	1080
153.55	1040
153.5	1027
153.45	1085
153.4	1048
153.35	1105
153.3	1068
153.25	1039
153.2	1038
153.15	1006
153.1	1081
153.05	1002
153	1031
152.95	1056
152.9	1035
152.85	1022
152.8	951
152.75	1013
152.7	987
152.65	982
152.6	1053
152.55	1048
152.5	985
152.45	1070
152.4	1052
152.35	991
152.3	1009
152.25	1035
152.2	1041
152.15	1082
152.1	1031
152.05	1048
152	1067
151.95	1018
151.9	1000
151.85	1082
151.8	1082
151.75	1012
151.7	963
151.65	1057
151.6	1028
151.55	875
151.5	982
151.45	983
151.4	977
151.35	953
151.3	927
151.25	942
151.2	905
151.15	868
151.1	892
151.05	884
151	890
150.95	836
150.9	892
150.85	874
150.8	891
150.75	887
150.7	815
150.65	783
150.6	839
150.55	866
150.5	797
150.45	805
150.4	828
150.35	778
150.3	764
150.25	815
150.2	769
150.15	800
150.1	800
150.05	818
150	815
149.95	814
149.9	776
149.85	806
149.8	786
149.75	785
149.7	771
149.65	824
149.6	725
149.55	783
149.5	773
149.45	723
149.4	733
149.35	719
149.3	815
149.25	717
149.2	828
149.15	723
149.1	673
149.05	682
149	744
148.95	707
148.9	730
148.85	725
148.8	655
148.75	753
148.7	707
148.65	683
148.6	723
148.55	685
148.5	669
148.45	686
148.4	727
148.35	731
148.3	713
148.25	715
148.2	738
148.15	682
148.1	699
148.05	725
148	681
147.95	704
147.9	708
147.85	761
147.8	664
147.75	676
147.7	713
147.65	714
147.6	695
147.55	687
147.5	680
147.45	677
147.4	728
147.35	694
147.3	739
147.25	700
147.2	677
147.15	707
147.1	720
147.05	711
147	697
146.95	692
146.9	663
146.85	684
146.8	714
146.75	669
146.7	697
146.65	710
146.6	662
146.55	725
146.5	666
146.45	697
146.4	675
146.35	672
146.3	665
146.25	687
146.2	663
146.15	691
146.1	698
146.05	668
146	679
145.95	685
145.9	658
145.85	654
145.8	665
145.75	730
145.7	698
145.65	690
145.6	681
145.55	682
145.5	721
145.45	672
145.4	638
145.35	668
145.3	651
145.25	705
145.2	661
145.15	692
145.1	697
145.05	698
145	668
144.95	707
144.9	709
144.85	689
144.8	691
144.75	670
144.7	639
144.65	671
144.6	700
144.55	670
144.5	718
144.45	688
144.4	689
144.35	693
144.3	653
144.25	720
144.2	704
144.15	680
144.1	634
144.05	736
144	666
143.95	600
143.9	744
143.85	663
143.8	652
143.75	697
143.7	680
143.65	688
143.6	684
143.55	689
143.5	695
143.45	626
143.4	688
143.35	686
143.3	666
143.25	685
143.2	673
143.15	650
143.1	658
143.05	681
143	624
142.95	667
142.9	693
142.85	718
142.8	676
142.75	696
142.7	681
142.65	689
142.6	712
142.55	687
142.5	660
142.45	672
142.4	653
142.35	644
142.3	688
142.25	670
142.2	650
142.15	696
142.1	654
142.05	691
142	686
141.95	688
141.9	675
141.85	681
141.8	708
141.75	709
141.7	664
141.65	673
141.6	679
141.55	657
141.5	690
141.45	659
141.4	700
141.35	711
141.3	675
141.25	665
141.2	686
141.15	689
141.1	628
141.05	664
141	663
140.95	673
140.9	660
140.85	669
140.8	638
140.75	660
140.7	639
140.65	646
140.6	670
140.55	698
140.5	658
140.45	634
140.4	647
140.35	685
140.3	659
140.25	613
140.2	679
140.15	599
140.1	642
140.05	633
140	665
139.95	695
139.9	667
139.85	646
139.8	636
139.75	639
139.7	651
139.65	675
139.6	626
139.55	639
139.5	669
139.45	663
139.4	674
139.35	643
139.3	682
139.25	634
139.2	663
139.15	606
139.1	629
139.05	673
139	714
138.95	631
138.9	691
138.85	643
138.8	643
138.75	669
138.7	675
138.65	694
138.6	681
138.55	727
138.5	700
138.45	735
138.4	662
138.35	701
138.3	698
138.25	674
138.2	669
138.15	646
138.1	669
138.05	701
138	672
137.95	683
137.9	745
137.85	678
137.8	711
137.75	674
137.7	692
137.65	675
137.6	703
137.55	682
137.5	695
137.45	699
137.4	657
137.35	680
137.3	676
137.25	622
137.2	649
137.15	709
137.1	695
137.05	681
137	697
136.95	648
136.9	658
136.85	674
136.8	647
136.75	678
136.7	696
136.65	699
136.6	672
136.55	731
136.5	728
136.45	716
136.4	677
136.35	725
136.3	701
136.25	642
136.2	680
136.15	702
136.1	706
136.05	738
136	659
135.95	747
135.9	720
135.85	734
135.8	675
135.75	684
135.7	657
135.65	697
135.6	692
135.55	664
135.5	729
135.45	716
135.4	671
135.35	636
135.3	670
135.25	668
135.2	667
135.15	637
135.1	684
135.05	654
135	677
134.95	677
134.9	645
134.85	673
134.8	683
134.75	701
134.7	654
134.65	700
134.6	661
134.55	726
134.5	641
134.45	668
134.4	674
134.35	648
134.3	624
134.25	684
134.2	626
134.15	711
134.1	649
134.05	628
134	612
133.95	641
133.9	649
133.85	628
133.8	651
133.75	668
133.7	647
133.65	660
133.6	668
133.55	690
133.5	642
133.45	629
133.4	657
133.35	620
133.3	612
133.25	684
133.2	666
133.15	696
133.1	662
133.05	659
133	590
132.95	656
132.9	658
132.85	581
132.8	638
132.75	681
132.7	651
132.65	680
132.6	626
132.55	646
132.5	678
132.45	621
132.4	598
132.35	594
132.3	648
132.25	629
132.2	584
132.15	632
132.1	680
132.05	607
132	608
131.95	606
131.9	634
131.85	619
131.8	617
131.75	678
131.7	662
131.65	645
131.6	607
131.55	645
131.5	638
131.45	619
131.4	650
131.35	621
131.3	657
131.25	640
131.2	666
131.15	649
131.1	636
131.05	666
131	648
130.95	615
130.9	632
130.85	654
130.8	646
130.75	661
130.7	657
130.65	672
130.6	639
130.55	658
130.5	630
130.45	661
130.4	605
130.35	646
130.3	708
130.25	652
130.2	662
130.15	653
130.1	607
130.05	613
130	643
129.95	636
129.9	664
129.85	657
129.8	637
129.75	637
129.7	659
129.65	628
129.6	618
129.55	608
129.5	644
129.45	662
129.4	668
129.35	635
129.3	606
129.25	676
129.2	630
129.15	623
129.1	661
129.05	612
129	598
128.95	590
128.9	626
128.85	628
128.8	662
128.75	669
128.7	619
128.65	648
128.6	722
128.55	653
128.5	634
128.45	660
128.4	671
128.35	669
128.3	690
128.25	617
128.2	679
128.15	628
128.1	617
128.05	669
128	636
127.95	621
127.9	642
127.85	638
127.8	634
127.75	643
127.7	673
127.65	632
127.6	619
127.55	599
127.5	671
127.45	632
127.4	712
127.35	647
127.3	623
127.25	611
127.2	644
127.15	614
127.1	662
127.05	671
127	666
126.95	615
126.9	693
126.85	688
126.8	664
126.75	641
126.7	652
126.65	608
126.6	611
126.55	669
126.5	657
126.45	650
126.4	684
126.35	632
126.3	672
126.25	719
126.2	646
126.15	678
126.1	659
126.05	625
126	637
125.95	688
125.9	619
125.85	609
125.8	672
125.75	621
125.7	635
125.65	688
125.6	657
125.55	621
125.5	652
125.45	659
125.4	694
125.35	629
125.3	677
125.25	656
125.2	676
125.15	697
125.1	655
125.05	627
125	622

Element Ti 2p; Region 6 of 6; Depth Cycle 1 of 1; Time Per Step 50; Sweeps 24; Anode Mg; Photon Energy 1253.6; XPS;
485	3647
484.95	3523
484.9	3710
484.85	3649
484.8	3576
484.75	3558
484.7	3471
484.65	3518
484.6	3649
484.55	3589
484.5	3625
484.45	3477
484.4	3662
484.35	3647
484.3	3527
484.25	3592
484.2	3440
484.15	3616
484.1	3591
484.05	3588
484	3542
483.95	3609
483.9	3510
483.85	3647
483.8	3503
483.75	3669
483.7	3593
483.65	3536
483.6	3593
483.55	3595
483.5	3600
483.45	3626
483.4	3505
483.35	3580
483.3	3452
483.25	3538
483.2	3627
483.15	3549
483.1	3560
483.05	3590
483	3528
482.95	3584
482.9	3610
482.85	3474
482.8	3454
482.75	3560
482.7	3481
482.65	3532
482.6	3630
482.55	3636
482.5	3542
482.45	3551
482.4	3635
482.35	3566
482.3	3522
482.25	3624
482.2	3583
482.15	3610
482.1	3503
482.05	3670
482	3651
481.95	3527
481.9	3516
481.85	3540
481.8	3552
481.75	3547
481.7	3509
481.65	3553
481.6	3492
481.55	3458
481.5	3617
481.45	3501
481.4	3545
481.35	3670
481.3	3628
481.25	3600
481.2	3598
481.15	3673
481.1	3694
481.05	3638
481	3674
480.95	3576
480.9	3556
480.85	3625
480.8	3644
480.75	3590
480.7	3571
480.65	3624
480.6	3541
480.55	3614
480.5	3640
480.45	3526
480.4	3664
480.35	3646
480.3	3689
480.25	3593
480.2	3697
480.15	3567
480.1	3608
480.05	3590
480	3585
479.95	3619
479.9	3616
479.85	3543
479.8	3619
479.75	3567
479.7	3605
479.65	3521
479.6	3562
479.55	3450
479.5	3707
479.45	3469
479.4	3505
479.35	3650
479.3	3515
479.25	3675
479.2	3578
479.15	3589
479.1	3532
479.05	3615
479	3655
478.95	3614
478.9	3611
478.85	3598
478.8	3506
478.75	3527
478.7	3507
478.65	3611
478.6	3609
478.55	3530
478.5	3568
478.45	3370
478.4	3474
478.35	3514
478.3	3371
478.25	3535
478.2	3621
478.15	3587
478.1	3470
478.05	3519
478	3510
477.95	3581
477.9	3454
477.85	3465
477.8	3632
477.75	3572
477.7	3649
477.65	3530
477.6	3467
477.55	3451
477.5	3595
477.45	3550
477.4	3409
477.35	3532
477.3	3554
477.25	3551
477.2	3504
477.15	3544
477.1	3493
477.05	3452
477	3443
476.95	3526
476.9	3534
476.85	3471
476.8	3555
476.75	3487
476.7	3436
476.65	3477
476.6	3563
476.55	3508
476.5	3473
476.45	3411
476.4	3521
476.35	3511
476.3	3495
476.25	3598
476.2	3579
476.15	3450
476.1	3425
476.05	3471
476	3500
475.95	3511
475.9	3488
475.85	3594
475.8	3542
475.75	3532
475.7	3519
475.65	3489
475.6	3547
475.55	3534
475.5	3450
475.45	3528
475.4	3579
475.35	3357
475.3	3505
475.25	3595
475.2	3431
475.15	3629
475.1	3498
475.05	3522
475	3583
474.95	3655
474.9	3564
474.85	3596
474.8	3390
474.75	3380
474.7	3392
474.65	3414
474.6	3544
474.55	3487
474.5	3516
474.45	3416
474.4	3467
474.35	3437
474.3	3554
474.25	3371
474.2	3459
474.15	3401
474.1	3426
474.05	3513
474	3350
473.95	3475
473.9	3497
473.85	3412
473.8	3526
473.75	3507
473.7	3507
473.65	3480
473.6	3490
473.55	3458
473.5	3408
473.45	3461
473.4	3539
473.35	3447
473.3	3526
473.25	3451
473.2	3423
473.15	3385
473.1	3495
473.05	3441
473	3504
472.95	3431
472.9	3513
472.85	3553
472.8	3411
472.75	3501
472.7	3453
472.65	3438
472.6	3430
472.55	3457
472.5	3538
472.45	3427
472.4	3503
472.35	3546
472.3	3482
472.25	3454
472.2	3543
472.15	3383
472.1	3529
472.05	3455
472	3439
471.95	3422
471.9	3554
471.85	3352
471.8	3436
471.75	3476
471.7	3503
471.65	3478
471.6	3412
471.55	3425
471.5	3468
471.45	3590
471.4	3458
471.35	3517
471.3	3490
471.25	3408
471.2	3477
471.15	3490
471.1	3464
471.05	3495
471	3626
470.95	3529
470.9	3426
470.85	3574
470.8	3495
470.75	3441
470.7	3654
470.65	3546
470.6	3549
470.55	3543
470.5	3564
470.45	3502
470.4	3524
470.35	3540
470.3	3546
470.25	3637
470.2	3532
470.15	3652
470.1	3611
470.05	3620
470	3556
469.95	3604
469.9	3589
469.85	3534
469.8	3612
469.75	3647
469.7	3585
469.65	3619
469.6	3636
469.55	3698
469.5	3765
469.45	3663
469.4	3707
469.35	3629
469.3	3765
469.25	3684
469.2	3665
469.15	3731
469.1	3881
469.05	3736
469	3704
468.95	3745
468.9	3838
468.85	3815
468.8	3830
468.75	3870
468.7	3871
468.65	3830
468.6	4053
468.55	3813
468.5	3864
468.45	3824
468.4	3890
468.35	3904
468.3	3884
468.25	3850
468.2	3980
468.15	3896
468.1	3952
468.05	3952
468	3940
467.95	3896
467.9	3961
467.85	3895
467.8	3928
467.75	3971
467.7	3977
467.65	4089
467.6	3976
467.55	4050
467.5	3986
467.45	4067
467.4	4109
467.35	4105
467.3	4179
467.25	4132
467.2	4089
467.15	4102
467.1	4188
467.05	4219
467	4092
466.95	4195
466.9	4250
466.85	4099
466.8	4005
466.75	4218
466.7	4061
466.65	4031
466.6	4052
466.55	4109
466.5	4091
466.45	4028
466.4	4049
466.35	4129
466.3	4019
466.25	4002
466.2	4003
466.15	3998
466.1	4064
466.05	3970
466	3864
465.95	3904
465.9	3778
465.85	3831
465.8	3886
465.75	3791
465.7	3851
465.65	3811
465.6	3809
465.55	3706
465.5	3763
465.45	3702
465.4	3782
465.35	3642
465.3	3674
465.25	3619
465.2	3516
465.15	3697
465.1	3580
465.05	3574
465	3572
464.95	3535
464.9	3423
464.85	3598
464.8	3573
464.75	3518
464.7	3566
464.65	3444
464.6	3500
464.55	3394
464.5	3422
464.45	3530
464.4	3370
464.35	3356
464.3	3470
464.25	3319
464.2	3377
464.15	3382
464.1	3323
464.05	3246
464	3255
463.95	3288
463.9	3352
463.85	3274
463.8	3256
463.75	3322
463.7	3232
463.65	3248
463.6	3260
463.55	3302
463.5	3246
463.45	3268
463.4	3368
463.35	3256
463.3	3267
463.25	3284
463.2	3323
463.15	3292
463.1	3324
463.05	3125
463	3244
462.95	3225
462.9	3152
462.85	3199
462.8	3316
462.75	3220
462.7	3327
462.65	3270
462.6	3267
462.55	3317
462.5	3321
462.45	3279
462.4	3284
462.35	3331
462.3	3429
462.25	3329
462.2	3429
462.15	3411
462.1	3353
462.05	3684
462	3512
461.95	3672
461.9	3722
461.85	3662
461.8	3790
461.75	3898
461.7	3905
461.65	3940
461.6	3961
461.55	4136
461.5	4137
461.45	4307
461.4	4339
461.35	4475
461.3	4508
461.25	4431
461.2	4556
461.15	4612
461.1	4679
461.05	4663
461	4567
460.95	4723
460.9	4729
460.85	4679
460.8	4778
460.75	4633
460.7	4456
460.65	4434
460.6	4542
460.55	4408
460.5	4334
460.45	4402
460.4	4232
460.35	4115
460.3	4095
460.25	4025
460.2	3904
460.15	3943
460.1	3854
460.05	3860
460	3756
459.95	3628
459.9	3671
459.85	3585
459.8	3514
459.75	3561
459.7	3504
459.65	3501
459.6	3532
459.55	3380
459.5	3405
459.45	3459
459.4	3434
459.35	3373
459.3	3264
459.25	3403
459.2	3413
459.15	3349
459.1	3299
459.05	3263
459	3263
458.95	3294
458.9	3279
458.85	3166
458.8	3271
458.75	3310
458.7	3280
458.65	3125
458.6	3244
458.55	3255
458.5	3151
458.45	3129
458.4	3095
458.35	2961
458.3	3091
458.25	3183
458.2	3049
458.15	3100
458.1	2953
458.05	2926
458	2977
457.95	3017
457.9	2904
457.85	2940
457.8	2980
457.75	2911
457.7	3001
457.65	2848
457.6	2968
457.55	2923
457.5	2874
457.45	2907
457.4	2875
457.35	2896
457.3	2900
457.25	2845
457.2	2896
457.15	2883
457.1	2832
457.05	2959
457	2879
456.95	2819
456.9	2842
456.85	2864
456.8	2808
456.75	2752
456.7	2798
456.65	2684
456.6	2830
456.55	2850
456.5	2726
456.45	2763
456.4	2781
456.35	2772
456.3	2816
456.25	2745
456.2	2729
456.15	2797
456.1	2767
456.05	2762
456	2672
455.95	2707
455.9	2795
455.85	2745
455.8	2764
455.75	2726
455.7	2794
455.65	2761
455.6	2733
455.55	2825
455.5	2801
455.45	2761
455.4	2709
455.35	2599
455.3	2733
455.25	2731
455.2	2743
455.15	2741
455.1	2695
455.05	2729
455	2669
454.95	2645
454.9	2760
454.85	2644
454.8	2750
454.75	2694
454.7	2705
454.65	2734
454.6	2744
454.55	2629
454.5	2678
454.45	2669
454.4	2667
454.35	2664
454.3	2672
454.25	2747
454.2	2697
454.15	2730
454.1	2700
454.05	2627
454	2716
453.95	2646
453.9	2678
453.85	2701
453.8	2681
453.75	2633
453.7	2719
453.65	2643
453.6	2685
453.55	2792
453.5	2642
453.45	2681
453.4	2711
453.35	2721
453.3	2699
453.25	2681
453.2	2719
453.15	2744
453.1	2638
453.05	2735
453	2678
452.95	2787
452.9	2715
452.85	2702
452.8	2675
452.75	2764
452.7	2779
452.65	2847
452.6	2683
452.55	2762
452.5	2806
452.45	2705
452.4	2814
452.35	2743
452.3	2665
452.25	2791
452.2	2783
452.15	2758
452.1	2725
452.05	2816
452	2729
451.95	2737
451.9	2702
451.85	2710
451.8	2730
451.75	2644
451.7	2750
451.65	2729
451.6	2682
451.55	2730
451.5	2620
451.45	2768
451.4	2789
451.35	2725
451.3	2634
451.25	2687
451.2	2715
451.15	2826
451.1	2644
451.05	2723
451	2761
450.95	2662
450.9	2691
450.85	2756
450.8	2727
450.75	2734
450.7	2760
450.65	2665
450.6	2744
450.55	2806
450.5	2636
450.45	2708
450.4	2769
450.35	2755
450.3	2641
450.25	2565
450.2	2685
450.15	2709
450.1	2781
450.05	2764
450	2616

